# File: All_Surveys_v11-free-cla_m.detections-full
# 
# Creation time: 2021-03-02T16:40:53.000  +0100
# 
# Colors used
# 
# 0.90e0 0.0e0 -0.5e0 -1.0e0 1.5e0 1.2e0  0.8e0 -0.1e0 -0.5e0 0.0e0
# 0.60e0 0.0e0 -0.5e0 -1.0e0 1.5e0 1.2e0  0.8e0 -0.1e0 -0.5e0 0.0e0
# 
# Grid size:
# h_step:  0.1
# a_step:  0.2
# q_step:  0.2
# si_step: 0.001
# 
a e ifree Omfree omfree tperi object MPC
43.932301 0.113549 3.949 318.225 159.424 53218.946 o3e15 K13GD8D
43.865613 0.099767 0.881 31.379 99.782 56797.205 o3e16 K13GD7S
41.097734 0.034898 9.927 178.271 288.203 38169.437 o3e17 K13GD6V
41.441841 0.048136 23.504 165.339 286.508 37078.442 o3e18 K13GD7Z
43.237096 0.03949 0.966 210.091 297.261 59765.942 o3e20PD K01FI5K
45.685486 0.131261 1.198 352.858 73.871 43035.565 o3e21 K13GD7Q
44.095032 0.06506 1.134 322.295 126.205 46930.59 o3e22 K13GD7N
46.446625 0.118084 11.289 117.518 326.679 47161.113 o3e23PD K01FI5O
42.628182 0.043771 2.464 318.049 252.451 74671.818 o3e24 K13GD7R
44.842049 0.074731 4.219 286.152 231.791 64701.44 o3e25 K13GD7U
43.799 0.045284 2.32 321.236 202.699 65067.729 o3e26 K13GD8A
44.15271 0.044212 1.347 309.381 150.481 48772.219 o3e27PD K04E95U
43.289122 0.058806 2.677 308.483 262.175 77212.193 o3e28 K13GD7X
41.419708 0.091296 26.836 346.608 292.14 84741.207 o3e29 K13GD7O
45.258061 0.057267 2.795 113.197 339.513 47718.231 o3e30PD K13EE9M
44.593403 0.10597 2.186 250.695 153.869 34984.304 o3e31 K13GD7T
42.894224 0.050571 1.069 16.053 244.302 89382.086 o3e32 K13GD8C
44.04499 0.018633 1.855 162.724 231.981 28267.082 o3e34PD K13GD8F
43.709752 0.025461 1.7 120.625 135.693 93059.736 o3e35 K13GD7P
44.022671 0.016731 2.365 304.341 333.708 99734.989 o3e36 K13HF6T
43.964762 0.046419 2.288 288.215 313.421 87786.414 o3e37PD K04H79J
42.976467 0.049984 3.772 134.163 158.22 99579.367 o3e38 K13GD8B
44.166252 0.053074 2.538 269.099 91.761 18988.851 o3e40 K13GD8E
43.792276 0.082918 1.528 326.153 308.92 97131.541 o3e43 K13GD7V
47.45751 0.028111 25.348 119.268 137.374 101251.566 o3e44 K13GD8G
44.101109 0.075583 21.477 301.813 106.632 35691.886 o3e51 K13GD7M
42.36868 0.153994 10.283 324.766 2.075 7825.813 o3e52 K13GD6T
44.88505 0.10112 4.428 292.133 230.976 66547.421 o3e53 K13GD7Y
42.860653 0.062303 3.467 311.812 206.708 62031.568 o3e54 K13GD7W
46.006337 0.147373 7.079 107.947 196.984 62366.624 o3l18 K10RI8E
45.33427 0.12582 0.341 129.742 165.497 59960.597 o3l19 K13SA0M
43.905171 0.083291 1.389 74.207 195.82 52567.883 o3l21 K13SA0S
42.351739 0.082499 5.26 113.37 248.231 71127.891 o3l22 K06QI1A
44.129262 0.076305 1.247 151.005 152.966 61729.825 o3l23 K13SA1E
40.910282 0.062981 17.0 153.249 282.404 80219.204 o3l24 K13SA0T
43.793337 0.060055 2.449 74.148 233.5 61855.519 o3l25 K13SA0L
45.318204 0.091377 1.949 264.676 5.008 52456.841 o3l26 K13U18E
42.519668 0.026077 1.127 104.722 174.225 51180.167 o3l28 K06QI1E
42.475323 0.078725 13.968 121.383 104.5 37309.63 o3l29PD K13U17M
43.068708 0.046006 1.367 164.668 75.218 41956.527 o3l31 K13U17E
43.78264 0.05958 1.058 190.02 48.645 43815.081 o3l32 K13S99P
43.847996 0.050298 0.883 170.185 79.365 45854.873 o3l33 K13U17P
43.28186 0.163357 26.372 288.533 270.008 35318.89 o3l35 K13SA0Y
42.663873 0.013293 2.179 146.625 84.053 38177.666 o3l36 K13SA0W
42.767599 0.016279 0.76 190.762 169.628 74436.797 o3l37 K13SA0X
43.340606 0.021272 1.149 237.239 32.47 51293.138 o3l38 K13SA1D
42.711972 0.027347 0.306 134.55 83.722 34430.822 o3l40 K13U17L
43.757521 0.037532 0.853 296.743 307.768 44939.707 o3l41PD K06UW1O
44.967211 0.099039 1.261 313.52 39.463 73844.613 o3l42 K13U18D
45.78505 0.097248 0.532 308.526 275.01 41674.995 o3l43 K13U15L
42.793616 0.041911 3.239 116.837 80.786 28727.074 o3l44 K13U18C
42.558074 0.036753 1.918 86.72 100.348 25158.391 o3l45 K13U17S
46.611773 0.078935 0.99 321.878 350.812 65464.772 o3l46 K13U15P
43.068025 0.033726 2.089 117.252 69.727 27335.424 o3l47 K13SA0V
43.025667 0.026526 2.72 297.336 230.151 20308.352 o3l48 K13U17T
43.029581 0.018114 5.805 292.398 164.573 101932.659 o3l49 K13U18A
43.327117 0.049191 2.017 325.536 220.441 26743.408 o3l50 K13U15O
45.146339 0.032709 2.601 69.615 251.623 66955.018 o3l51 K13U18B
42.649699 0.040288 1.018 93.298 62.546 17725.849 o3l52 K13SA1C
46.554501 0.055949 1.599 112.707 159.855 55823.817 o3l53 K13SA1G
44.792857 0.110427 0.803 169.651 30.537 34021.265 o3l54 K13U18G
44.004084 0.09623 1.315 277.844 270.139 30242.385 o3l55 K13U16Y
43.520523 0.025253 1.517 301.849 129.769 96709.399 o3l56 K13U17N
42.442374 0.053352 1.265 215.277 252.619 103374.848 o3l58 K13SA1F
43.634246 0.025484 6.725 113.797 333.17 102482.929 o3l59 K13SA0N
44.814195 0.075279 1.939 86.38 286.095 81891.663 o3l60 K06QI1F
45.132794 0.054247 3.337 103.707 89.104 30140.134 o3l63 K13U15N
44.354805 0.073408 0.397 299.073 94.197 86446.199 o3l64 K13U16W
43.563163 0.043148 1.533 58.76 24.182 100940.164 o3l66 K13SA0J
44.323674 0.052819 3.853 278.42 248.603 21958.849 o3l67 K13U17Y
43.597529 0.057067 1.05 354.237 147.999 14004.843 o3l69 K13U18X
46.433013 0.196079 10.784 105.801 273.406 80535.054 o3l70 K13U18F
45.318574 0.013675 0.26 15.613 60.11 103142.806 o3l71 K13U17W
44.313547 0.071562 2.518 88.136 331.109 93958.644 o3l73 K13U17R
45.831656 0.144061 2.516 248.923 288.092 29509.158 o3l74 K13SA0O
43.635637 0.070078 7.593 292.089 175.763 4613.802 o3l75 K13SA0Z
44.150909 0.092835 2.266 297.997 202.113 15906.182 o3l76 K13S99Q
42.769012 0.113085 28.183 116.406 12.037 8822.522 o3l77 K13U15Q
46.296355 0.166151 8.001 281.591 124.917 93465.973 o3l79 K13SA0A
45.592876 0.180161 23.813 280.788 156.155 103383.404 o3l81 K13SA0R
44.012292 0.082314 0.908 126.97 8.092 12885.584 o3l84 K13U22R
46.199942 0.189472 10.079 3.555 183.875 66058.975 o3o21 K13J65R
40.569913 0.021489 16.204 178.876 38.795 56038.665 o3o22 K13J65S
41.277028 0.063823 14.636 153.474 329.459 39328.237 o3o23 K13J65P
42.412897 0.080485 10.683 115.222 105.224 69833.955 o3o24 K13J65O
44.259367 0.122052 7.243 53.248 42.98 43363.574 o3o26 K13J65Q
40.672061 0.01212 18.29 60.065 331.137 9800.602 o3o28 K13J65N
46.615519 0.197741 8.269 84.575 347.716 39384.122 o3o30 K13J65T
46.778968 0.123524 9.602 354.409 309.483 108533.545 o3o35 K13J65M
46.392265 0.128142 8.897 10.377 88.845 45436.076 o3o51 K13J67X
43.523588 0.127214 12.33 154.318 163.801 59668.449 o4h19 K14UM5K
46.342329 0.198921 9.075 137.411 181.434 63240.768 o4h20 K14UM5L
42.911075 0.09505 15.523 147.816 227.231 72808.782 o4h23 K14UM8J
42.712913 0.068616 4.106 201.576 61.007 45085.78 o4h25 K14UM9K
43.350637 0.05209 3.747 218.488 87.226 56541.649 o4h28 K14UM8Y
46.581802 0.142064 6.62 164.422 162.478 65512.493 o4h33 K14UM8L
42.917669 0.035165 7.909 166.083 196.671 70666.816 o4h34 K14UM9E
41.665957 0.049085 14.17 160.893 49.635 26164.927 o4h36 K14UM9Z
42.661959 0.09753 4.627 178.475 33.699 32192.791 o4h38 K14UM9L
43.966182 0.072799 8.503 260.609 125.552 78719.147 o4h41 K14UM9H
45.53717 0.112571 4.786 226.45 343.939 34038.331 o4h42 K14UM9C
43.531599 0.141153 4.091 207.109 223.488 89830.314 o4h44 K13P76S
43.361976 0.129642 4.364 236.044 320.057 30209.998 o4h45 K14UM5D
45.115039 0.119304 3.776 190.096 41.242 41080.041 o4h46 K14UN0C
42.081747 0.155023 6.262 276.319 261.08 19059.122 o4h48 K01RE3Y
42.444529 0.128638 4.078 236.597 222.763 94022.966 o4h49 K14UM8P
43.711338 0.066182 6.207 163.363 326.344 7290.497 o4h50 K14UM5E
44.952443 0.047482 5.946 246.459 161.05 89267.637 o4h51 K14UM8C
41.384951 0.096186 23.493 176.135 223.367 69807.196 o4h74 K14UM9J
45.873742 0.172973 23.662 280.795 50.475 64845.938 o4h75 K14UM8N
45.667084 0.175083 7.165 148.121 254.778 85866.395 o4h77 K14UM9P
43.771039 0.065164 7.398 251.466 183.639 94331.663 o4h78 K14UN1K
42.476876 0.130871 11.761 157.374 176.686 56111.018 o5c033 K15VH0E
40.07267 0.059611 28.6 221.769 1.746 57620.394 o5c035 K15VH0L
41.608197 0.103727 18.902 171.36 233.472 67748.475 o5c037 K15VH0N
43.474388 0.173241 3.504 136.578 254.362 71343.412 o5c041 K15VG9C
42.052179 0.075138 2.001 169.963 211.189 65276.566 o5c042 K15VH0G
45.261923 0.129496 6.57 126.642 205.185 60361.009 o5c044 K15VH0M
46.777527 0.153814 12.374 138.974 188.614 59949.296 o5c045 K15VG9Y
42.741828 0.055569 2.912 129.732 215.311 60615.972 o5c047 K15VG9D
43.798937 0.075032 0.545 197.399 123.062 55587.706 o5c048 K15VG9T
42.900078 0.060726 3.779 131.295 230.171 65178.257 o5c049 K15VG9J
40.675129 0.012353 30.5 195.347 76.365 28511.137 o5c050 K15VG9M
45.556838 0.096773 2.101 160.588 136.996 51527.312 o5c051PD K04VD1A
42.782497 0.02157 1.526 122.363 195.584 53460.412 o5c053 K15VG8Y
44.883549 0.079536 25.97 140.247 145.266 47595.413 o5c054 K15VG4B
42.508478 0.02783 0.718 216.822 58.364 39845.338 o5c055 K15VG9U
43.785841 0.049222 2.684 153.546 220.671 69760.241 o5c056PD K14Wo9D
43.870306 0.038939 0.552 53.485 288.305 62448.671 o5c057 K15VG9A
43.592476 0.052486 0.49 213.56 54.54 41461.132 o5c058 K15VH0C
43.481336 0.047683 1.986 129.676 132.639 39096.631 o5c059 K15VH0A
44.778813 0.062891 1.222 130.563 236.109 69443.833 o5c060 K15VH0H
45.648463 0.116027 2.255 29.929 223.074 41449.108 o5c061 K15VG9O
45.486742 0.060892 0.511 328.767 349.71 58137.305 o5c062 K15VG8V
42.502805 0.034279 4.078 7.099 216.589 27033.586 o5c063 K15VG9N
43.358884 0.045477 0.784 75.085 171.244 34641.468 o5c065 K15VH0K
42.878592 0.026925 1.248 79.92 352.166 85390.894 o5c066 K15VG9H
43.384209 0.041103 0.487 204.659 41.111 34208.187 o5c067 K15VG9S
42.671116 0.041502 0.763 107.679 115.735 27518.049 o5c068 K15VG8W
44.311039 0.033235 1.397 73.813 199.301 44185.878 o5c069 K15VG9E
46.070342 0.128313 4.36 340.43 44.807 74879.976 o5c070 K15VH0P
42.768624 0.021387 0.422 298.957 165.486 93239.985 o5c071 K15VH0F
43.789675 0.009394 1.651 64.007 301.391 68282.174 o5c072 K15VH0B
45.290384 0.035223 2.632 159.978 159.07 57967.728 o5c073 K15VG8T
46.57336 0.054506 1.15 77.254 225.458 54728.203 o5c074 K15VG9G
43.114349 0.02774 0.785 333.129 143.403 99270.474 o5c075 K15VG8X
44.353078 0.072326 1.597 139.772 270.67 81922.872 o5c076 K15VG8U
42.679916 0.057988 2.003 305.362 251.466 18429.82 o5c077 K15VG9P
42.858537 0.042749 2.771 354.623 140.532 102674.057 o5c078 K15VH0J
43.85437 0.03213 1.359 200.36 2.533 21353.402 o5c079 K15VG9Q
43.628314 0.035281 3.731 159.643 31.944 19203.466 o5c080 K03UT1V
43.831154 0.060249 1.591 39.705 167.302 25284.74 o5c081 K15VG9F
43.547398 0.043605 1.872 172.295 292.678 97114.119 o5c082 K15VG8Q
43.929882 0.039121 1.457 53.376 133.008 17202.36 o5c084 K15VH0O
45.493781 0.003942 1.164 268.283 176.334 97328.741 o5c085 K15VG8P
43.907061 0.059127 1.559 322.873 144.659 97326.884 o5c086 K15VG9X
44.40489 0.071256 0.281 251.572 306.5 22855.175 o5c087 K15VG8R
42.992489 0.079931 1.189 324.582 202.862 10271.926 o5c089 K15VG9V
43.801303 0.059868 1.328 85.104 72.641 9281.476 o5c090 K15VG9K
44.893555 0.107904 5.528 332.7 104.383 90250.378 o5c091 K15VG9L
45.766696 0.072047 25.971 142.212 64.771 24364.446 o5c092 K15VG4A
45.26201 0.086875 1.418 114.741 327.548 92004.615 o5c093 K15VG9Z
44.007446 0.080394 0.685 73.852 73.857 5936.316 o5c094 K15VG9B
42.660466 0.155291 19.174 162.324 27.252 17942.056 o5c097 K15VG9R
45.239276 0.180967 19.278 143.536 309.701 92763.816 o5c098 K15VG9W
44.191848 0.150157 7.389 137.321 335.731 99881.889 o5c099 K15VG8Z
45.660125 0.156735 8.895 314.126 225.954 18032.891 o5c100 K15VH0D
46.858385 0.178802 2.395 300.471 156.827 100510.826 o5c102 K15VG8S
42.519322 0.14142 8.658 333.482 44.85 65964.561 o5d030 K15VH0Q
46.288908 0.167015 20.503 315.285 1.792 57689.361 o5d040 K15VH1J
43.600825 0.110479 2.433 299.262 17.01 55182.092 o5d043 K15VH2L
39.53649 0.017047 3.038 211.508 17.742 56529.679 o5d044 K15VH2U
42.703718 0.097024 16.233 337.194 25.443 63729.636 o5d045 K15VH1F
44.863004 0.152569 19.509 322.728 306.51 46086.778 o5d053 K15VH3O
42.079587 0.117771 2.998 31.523 24.492 73430.505 o5d054 K15VH2D
43.819722 0.088856 2.456 119.544 193.805 54831.396 o5d057 K15VH3H
44.715067 0.101765 2.01 83.544 239.634 58235.003 o5d058 K15VH3Q
45.303616 0.143256 24.431 316.703 318.286 47107.205 o5d059 K15VG4C
45.97379 0.130814 3.378 159.012 179.329 62967.951 o5d061 K15VH2K
45.892482 0.172108 3.127 119.097 253.745 70277.633 o5d062 K15VH1V
42.381937 0.074441 4.046 132.933 267.89 72348.119 o5d063 K03UT3K
41.436051 0.021303 15.704 2.357 317.613 46247.49 o5d064 K15VH0S
44.368302 0.071761 0.208 14.126 318.333 60101.153 o5d069 K15VH3D
44.857602 0.099183 1.05 304.705 56.836 67695.285 o5d070 K15VH1H
43.919736 0.080571 1.055 233.762 143.618 71116.368 o5d071 K15VH2J
44.216429 0.067028 1.614 54.068 302.602 66224.639 o5d072 K15VH2A
43.207337 0.033363 3.338 102.579 232.486 59048.318 o5d073 K15VH3T
43.343359 0.047729 3.012 128.557 151.377 44471.118 o5d074 K15VH1T
43.339001 0.044892 2.076 349.148 31.582 71413.516 o5d075 K15VH1P
46.535088 0.106701 3.83 139.964 209.031 66353.128 o5d076 K15VH1D
44.068439 0.054999 1.088 4.53 272.435 44916.26 o5d077 K15VH1O
42.931786 0.038034 2.657 154.897 106.336 38250.543 o5d078 K15VH1A
42.552202 0.026293 1.171 355.449 259.429 35096.731 o5d079 K15VH3B
43.171189 0.019965 1.169 244.78 40.157 44558.038 o5d081 K15VH0Y
45.863269 0.077852 1.134 242.176 48.793 50695.837 o5d082 K15VH2M
43.532166 0.032236 0.259 23.305 252.665 43638.519 o5d083 K15VH2X
43.431514 0.021937 3.189 115.364 245.054 66357.516 o5d084 K15VH2F
43.021812 0.010177 2.582 139.165 154.129 46874.938 o5d085 K15VH3A
43.610134 0.019431 0.792 17.161 302.655 55422.056 o5d087 K15VH1U
43.102902 0.025952 1.756 70.918 184.123 36587.817 o5d088 K15VH1Y
43.071177 0.036884 0.354 9.512 235.976 34179.35 o5d089 K15VH3C
42.712996 0.032173 0.908 245.231 193.032 85404.312 o5d091 K15VH0U
45.825284 0.071709 29.094 137.817 145.39 48023.722 o5d092 K15VG4D
42.571792 0.164806 21.893 154.971 284.287 81188.021 o5d093 K15VH2V
43.213061 0.028882 1.493 207.843 36.621 33626.971 o5d094 K15VH0V
44.59774 0.073923 2.351 112.309 274.705 75244.421 o5d095 K15VH3L
44.426954 0.054319 2.065 321.332 62.658 74354.616 o5d096 K15VH1C
43.253853 0.00535 2.309 112.867 110.031 26985.069 o5d097 K15VH1W
44.335292 0.040823 2.537 163.642 216.691 73547.886 o5d098 K15VH2T
45.186968 0.1221 11.898 323.547 277.254 37587.592 o5d099 K15VH1Q
42.595197 0.018799 4.139 338.046 181.995 7481.3 o5d100 K15VH1G
43.277147 0.039526 0.902 238.168 348.853 29113.628 o5d101 K15VH0R
43.41715 0.12394 10.193 149.931 78.124 32716.546 o5d102 K15VH2O
45.346171 0.039032 0.076 4.223 334.968 63627.511 o5d103 K15VH2Y
43.7937 0.03518 1.179 208.66 212.092 84339.698 o5d104 K15VH2Q
43.431475 0.026035 3.005 175.048 29.948 22337.623 o5d105 K15VH0T
44.149129 0.077208 1.197 348.04 235.629 30383.753 o5d106 K15VH1S
43.705564 0.058755 10.056 331.334 242.506 26914.695 o5d107 K15VH3K
43.038849 0.035817 0.318 35.141 120.862 7521.722 o5d108 K15VH2Z
43.138056 0.067176 3.283 339.422 114.676 90937.694 o5d109 K15VH1K
43.569789 0.027873 2.452 23.311 149.979 13406.562 o5d110 K15VH3R
44.166666 0.066453 1.116 0.865 66.574 86611.429 o5d111 K15VH3G
42.722706 0.051174 3.261 5.671 142.396 106721.265 o5d112 K15VH3N
46.659301 0.066506 1.973 274.596 100.83 74875.168 o5d113 K15VH0X
44.250333 0.086742 2.832 310.302 267.423 28560.399 o5d114 K15VH0Z
43.719887 0.030958 0.812 6.632 132.291 108126.266 o5d116 K15VH1N
45.166734 0.066019 6.62 130.973 94.734 31072.265 o5d117 K15VH1R
44.717917 0.087277 0.266 275.457 301.384 28940.064 o5d119 K15VH3E
45.758865 0.039598 2.522 164.095 73.603 33758.141 o5d120 K15VH0W
43.922765 0.054225 3.209 131.297 61.919 20276.692 o5d121 K15VH3M
43.823329 0.066751 2.091 36.948 161.737 22028.351 o5d122 K15VH2E
43.865259 0.067177 2.846 107.367 343.792 92554.846 o5d123 K15VH2H
45.589245 0.133466 12.7 125.384 90.951 30873.803 o5d124 K15VH3S
44.358855 0.041054 0.372 139.504 329.152 100765.748 o5d125 K15VH2W
45.444416 0.033488 0.347 251.448 178.743 91226.375 o5d126 K15VH2R
44.013576 0.087374 2.144 58.674 137.671 21927.095 o5d127 K15VH2G
43.38753 0.067142 0.491 35.306 97.64 104614.849 o5d128 K15VH3F
43.885748 0.055932 1.942 47.643 76.627 104145.539 o5d129 K15VH3P
43.312315 0.153314 20.989 330.408 119.908 88518.932 o5d130 K15VH3J
43.816393 0.079197 0.584 352.635 177.126 12902.988 o5d131 K15VH1B
43.983217 0.089078 0.162 281.185 185.195 97361.243 o5d132 K15VH1E
43.998766 0.10122 0.259 355.958 104.187 94867.435 o5d133 K15VH1M
46.848144 0.043831 0.516 100.117 308.655 86562.246 o5d134 K15VH1L
44.1965 0.071842 1.116 250.588 279.872 13054.386 o5d135PD K04VD1B
45.625735 0.051375 1.438 261.226 277.47 15475.273 o5d136 K15VH2N
44.293163 0.086208 1.575 63.894 55.633 103080.398 o5d137 K15VH1Z
45.212774 0.106281 7.292 121.662 67.106 20497.168 o5d139 K15VH1X
46.259304 0.0488 1.685 159.506 12.457 12822.91 o5d140 K15VH2S
45.355308 0.144184 4.778 147.945 35.842 19854.848 o5d142 K15VH2P
46.739309 0.139412 2.489 13.846 133.066 4733.989 o5d143 K15VH2C
45.175817 0.181681 28.6 132.348 350.763 52667.321 o5m32 K15KH6B
42.128501 0.106877 7.818 53.684 127.529 60389.442 o5m34 K15KH5B
45.442556 0.161168 17.742 335.612 148.196 53343.82 o5m37 K15KH5V
42.945949 0.103071 11.145 18.814 158.271 61716.325 o5m39 K15KH5Q
40.283508 0.070826 15.296 24.124 312.056 41903.761 o5m41 K15KH5H
46.004189 0.18562 27.206 127.585 55.32 66378.048 o5m42 K15KH5D
41.967208 0.104855 13.015 148.739 79.01 69393.24 o5m43 K15KH6C
46.276199 0.148054 4.88 29.113 108.384 56744.054 o5m44 K15KH5W
46.135772 0.151975 9.903 349.368 179.65 63549.143 o5m46 K15KH6D
45.21637 0.181499 8.696 98.62 336.606 41824.741 o5m50 K15KH5F
40.368908 0.086383 32.6 228.357 61.551 32151.84 o5m51 K15KH5O
45.735173 0.121787 6.451 68.492 111.381 66883.536 o5m53 K15KH5E
44.809564 0.127552 7.658 60.114 141.703 71629.095 o5m56 K15KH5L
43.334684 0.072315 9.049 104.361 109.883 73446.603 o5m59 K15KH5A
43.930046 0.048224 7.319 105.141 84.961 68517.148 o5m62 K15KH5U
46.474915 0.081091 7.126 50.528 74.399 53661.693 o5m64 K15KH5M
44.826889 0.125153 11.014 107.817 114.282 76172.387 o5m65 K15KH5P
44.517875 0.049318 8.437 121.424 69.225 68789.755 o5m66 K15KH5Y
45.30139 0.068557 5.484 13.421 75.28 42767.289 o5m68 K15KH5T
43.46603 0.07609 7.382 98.817 299.477 26098.888 o5m73 K15KH5G
45.285244 0.104266 6.067 16.418 35.154 33519.573 o5m74 K15KH5S
44.294459 0.14402 5.893 88.279 161.18 82979.063 o5m75 K15KH6A
46.224555 0.209836 28.372 329.827 265.75 80807.857 o5m76 K15KH5C
45.68146 0.072032 4.544 40.843 358.875 27659.336 o5m77 K15KH5X
45.144517 0.142982 8.268 76.025 306.648 25581.884 o5m80 K15KH5K
42.922417 0.116125 37.562 342.905 8.17 13195.675 o5m81 K15KH5J
47.278648 0.121956 11.18 354.355 249.822 88614.32 o5m82 K15KH5N
44.072938 0.101703 16.641 127.316 153.463 92964.06 o5m83 K15KH5R
46.944186 0.194351 17.229 333.223 319.227 105517.473 o5m87 K15KH5Z
41.855659 0.147566 15.375 323.034 222.521 66120.803 o5p029 K15G58A
41.730588 0.170947 32.259 147.845 299.0 45222.971 o5p031 K15G56P
40.058966 0.083414 20.17 194.175 245.526 72408.277 o5p035 K15G56L
45.27295 0.170179 3.881 278.741 237.912 66519.324 o5p040 K15G57P
43.984538 0.109574 3.179 303.771 194.156 62199.817 o5p041 K15G58B
44.030127 0.094714 1.274 280.973 199.451 57622.182 o5p044 K15G57K
42.886475 0.075704 2.817 323.856 190.323 63472.409 o5p045 K15G59B
45.633116 0.180837 14.594 101.122 310.415 44454.214 o5p047 K15G57X
42.757315 0.060993 3.478 309.957 202.477 62862.98 o5p050 K15G58Z
42.991146 0.06947 0.558 333.635 189.007 65926.715 o5p052 K15G59F
44.008686 0.081428 0.56 8.316 123.615 60633.191 o5p053 K15G58R
43.952579 0.082223 1.34 354.04 147.043 63355.433 o5p055 K15G58F
44.126249 0.079469 0.834 308.255 157.376 54931.774 o5p056 K15G57U
42.654276 0.046178 1.131 302.959 197.936 60616.717 o5p058 K15G56N
44.206468 0.076769 2.244 138.755 348.588 59874.469 o5p059 K15G57C
43.895415 0.077717 0.967 263.178 251.413 66541.683 o5p061 K15G57A
44.344853 0.101501 2.721 307.436 218.025 68950.725 o5p062 K15G59A
43.143128 0.04234 1.028 248.815 242.775 58954.278 o5p064PD K15HJ6Z
43.091272 0.052638 1.897 180.257 345.361 68555.646 o5p066 K15G56E
43.724689 0.072896 2.12 345.728 180.297 69123.997 o5p067 K15G58X
43.920218 0.067544 0.535 26.735 47.866 46562.48 o5p069 K15G57T
43.519036 0.086709 2.894 273.469 140.349 40864.225 o5p070 K15G56G
44.995731 0.108567 0.971 154.457 13.003 70240.643 o5p071 K15G57Q
43.437722 0.046522 1.429 281.063 234.132 66386.235 o5p072 K15G56U
43.579714 0.080702 1.422 6.543 175.165 73356.88 o5p074 K15G58D
42.963088 0.047975 0.372 330.966 89.765 40691.168 o5p075 K15G57V
43.811492 0.0489 2.13 119.453 30.088 65929.589 o5p076 K15G56M
43.875937 0.068556 1.243 90.002 85.502 71959.583 o5p078 K15G58T
47.177446 0.17451 7.615 90.738 314.393 42659.734 o5p079 K01FJ3H
44.367794 0.059253 1.476 104.846 47.086 66826.724 o5p080 K15G58L
43.499612 0.029099 0.333 357.997 128.664 58946.751 o5p081 K15G58H
42.682468 0.010477 1.496 233.105 284.918 65794.214 o5p082 K15G56F
42.950626 0.016162 2.221 257.437 271.749 68788.773 o5p083 K15G57E
44.320626 0.07756 2.052 244.963 170.023 41179.138 o5p084 K15G56X
45.922022 0.111322 0.239 214.52 306.583 70589.215 o5p085 K15G56V
43.111256 0.015143 0.874 209.745 242.318 47839.375 o5p086 K15G57L
44.526675 0.064921 2.313 88.979 330.98 42123.488 o5p087 K15G58Y
45.707112 0.062377 10.766 285.079 175.657 54713.026 o5p088 K15G56T
42.786579 0.030444 1.541 5.952 215.476 83363.868 o5p089 K15G58E
43.353595 0.046327 3.626 323.703 238.482 78540.212 o5p090 K15G59H
44.93409 0.045335 0.547 193.258 271.335 54285.019 o5p091 K15G57N
46.317384 0.082288 2.092 276.865 161.032 48792.719 o5p092 K15G57D
43.171089 0.03208 13.547 123.826 273.812 32887.556 o5p093 K15G59E
44.035382 0.068574 2.088 292.558 262.558 77559.973 o5p094 K15G57M
43.907891 0.068513 1.838 143.522 54.154 78200.767 o5p095PD K00F08G
46.67204 0.161086 1.714 208.005 331.605 74582.456 o5p096 K15G57F
45.631125 0.068163 1.757 1.223 148.942 68159.814 o5p098PDp K05EU4O
45.617057 0.067574 1.756 1.353 148.589 68090.7 o5p099PDs -------
45.316115 0.119333 2.354 303.464 241.438 75954.79 o5p100 K15G58J
44.269844 0.044617 4.092 96.573 318.187 40218.504 o5p101 K15G58O
43.3242 0.031499 0.557 179.697 213.515 32180.518 o5p102 K15G57J
43.807267 0.067701 2.638 288.004 273.568 80056.455 o5p103 K15G56J
42.960454 0.018256 0.199 41.046 211.525 92637.14 o5p104 K15G58V
44.238985 0.064625 2.274 312.635 239.163 78051.166 o5p105 K15G57Z
43.772827 0.054521 1.056 19.86 183.337 80349.082 o5p106 K15G58M
46.788531 0.163797 6.674 297.586 97.434 39013.003 o5p107 K15G59G
42.842026 0.020275 1.771 138.333 153.536 103617.17 o5p108 K15G57H
43.234166 0.018592 1.338 173.212 84.763 96030.97 o5p109 K15G56S
43.388988 0.033478 1.763 114.209 124.828 89532.521 o5p110 K15G59C
46.671407 0.124246 2.397 93.168 303.703 39025.56 o5p111PD K01FJ3E
43.26388 0.06472 0.592 138.058 98.328 87743.593 o5p114 K15G58S
45.105181 0.097919 4.683 108.01 90.691 80411.59 o5p115PD K00F08F
46.611452 0.061757 10.541 280.839 140.877 44196.319 o5p116 K15G56O
43.953228 0.056352 1.0 247.589 124.116 26803.079 o5p117 K15G57R
44.11539 0.025346 1.188 16.962 339.117 22625.221 o5p118 K15G58C
43.186372 0.037387 1.76 145.61 144.262 104183.408 o5p119 K15G57O
43.887933 0.07204 0.767 56.691 306.947 26303.475 o5p120 K15G57Y
44.081049 0.091647 6.105 115.451 253.897 28178.77 o5p122 K15G58K
44.143061 0.033511 1.323 225.422 123.829 20309.498 o5p123 K15G56R
44.923397 0.049957 3.242 83.293 122.045 84400.524 o5p124 K15G57W
45.392399 0.127488 11.415 296.722 269.381 81934.815 o5p126 K15G58W
44.122829 0.066961 1.073 190.901 172.865 25448.121 o5p127 K15G56Z
43.346599 0.048029 1.461 202.443 73.076 100668.809 o5p128 K15G56Y
44.162236 0.071533 1.607 136.727 99.118 90424.62 o5p129 K15G57B
45.317068 0.105025 1.737 122.588 249.186 30119.286 o5p130 K15G56W
43.985702 0.043679 0.123 71.556 210.781 106441.843 o5p131 K15G57S
45.085222 0.044267 4.154 95.623 144.21 94323.654 o5p132 K15G59J
44.040631 0.06245 2.038 144.617 135.291 104402.807 o5p133 K15G57G
44.263544 0.079149 1.01 347.308 272.065 97939.758 o5p134 K15G58U
42.986231 0.10481 17.057 300.797 339.306 100135.36 o5p135 K15G56Q
44.165098 0.065749 0.213 346.28 303.159 108543.457 o5p136 K15G58G
44.530319 0.107015 2.749 131.161 109.488 92709.642 o5p137 K15G56K
44.034885 0.072198 1.267 297.079 4.149 4999.328 o5p138 K15G58P
46.190837 0.234329 37.961 108.448 248.064 30416.43 o5p139 K15G56H
44.981653 0.082986 2.156 284.395 42.231 14482.625 o5p140PD K05EU2N
44.691188 0.088383 1.906 303.492 14.915 10468.858 o5p142 K15G59D
45.648501 0.127597 0.653 57.485 203.43 101515.129 o5p143 K15G58Q
46.063103 0.105036 1.784 53.091 237.825 971.754 o5p144 K15G58N
43.850577 0.169621 4.139 188.933 130.525 64326.192 o5s21 K15RS1O
46.161553 0.22164 9.073 243.925 70.373 65061.711 o5s22 K15RS1G
42.782747 0.117718 10.445 271.685 14.942 56089.055 o5s23 K15RS0V
41.344404 0.112328 19.735 156.877 107.338 44083.852 o5s26 K15RS1D
40.298672 0.046592 22.434 359.083 129.923 46373.031 o5s28 K15RS1L
41.396479 0.045191 36.945 145.457 175.198 57734.851 o5s29 K15RS0O
41.476732 0.073047 35.303 143.978 118.268 44369.178 o5s30 K15RS0R
46.697461 0.203484 6.175 238.998 85.612 68742.854 o5s32 K15RR7J
41.282309 0.032129 34.172 150.22 163.149 54994.247 o5s33 K15RS0S
46.395603 0.160472 24.614 102.659 124.195 46303.271 o5s35 K15RR7C
43.257925 0.053454 4.055 189.495 94.972 56249.029 o5s36 K15RS1B
43.965842 0.136063 12.81 123.774 90.978 41403.668 o5s37 K15RS0Z
42.731716 0.047961 9.048 265.344 69.998 68066.97 o5s38 K15RS1A
44.310175 0.075014 3.67 207.975 141.726 74977.796 o5s40 K15RS1K
46.342692 0.139286 17.395 257.721 68.017 70068.849 o5s41 K15RS0Y
42.958711 0.014298 13.068 123.647 208.805 69961.678 o5s45 K15RR7G
45.083621 0.06562 4.434 225.948 93.429 69310.999 o5s46 K15RS0L
45.574017 0.059652 5.204 163.871 118.059 59645.914 o5s47 K15RS0M
41.395166 0.050936 13.118 156.378 23.391 20230.017 o5s48 K15RS0T
44.01661 0.043623 3.508 207.226 136.388 74544.62 o5s49 K15RS0Q
45.415436 0.093653 4.879 152.716 31.652 32600.347 o5s51 K15RS0P
43.627173 0.044888 6.965 247.283 213.414 109421.437 o5s53 K15MF0L
45.856836 0.157258 9.105 243.978 132.102 82859.454 o5s54 K15RS1E
46.931595 0.172673 5.553 234.899 131.65 81246.392 o5s55 K15RS1H
46.066921 0.016966 5.454 222.346 294.68 20397.225 o5s56 K15RS1C
41.356542 0.1398 34.429 147.733 16.991 16921.722 o5s57 K15RS0W
41.366741 0.126217 21.839 152.161 351.096 9837.658 o5s58 K15RS0N
42.530769 0.128199 41.524 124.705 320.31 96539.32 o5s60 K15RS1N
44.942197 0.117225 4.722 181.434 321.703 18073.136 o5s61 K15RS1P
47.037342 0.115557 3.653 161.871 223.355 90776.724 o5s62 K15RS0U
43.928937 0.134472 23.212 112.444 19.244 15444.418 o5s63 K15RS0X
45.800013 0.150937 10.874 253.644 258.252 22567.67 o5s64 K15RS1M
46.095039 0.175849 8.035 245.197 162.432 93926.099 o5s66 K15RS1F
46.131138 0.175338 11.191 254.611 233.527 13948.269 o5s67 K15RS1J
44.788508 0.175179 18.193 107.354 128.016 47849.064 o5t16 K15RR9Y
42.977698 0.086688 19.581 286.024 356.487 54969.54 o5t18 K15RS0F
42.848904 0.111638 14.976 281.973 315.972 45382.918 o5t19 K15RR9N
42.631343 0.055064 3.853 166.727 109.556 52328.536 o5t20 K15RS0G
46.215536 0.13212 5.511 246.63 58.583 64967.972 o5t23 K15RR9U
44.953035 0.106538 3.788 153.165 160.831 65817.353 o5t24 K15RS0H
43.287838 0.047137 2.101 191.834 76.625 52082.026 o5t25 K15RS0C
43.171971 0.042632 15.64 278.243 30.242 62280.151 o5t26 K15RR9X
43.908403 0.079004 3.232 169.695 61.37 43810.227 o5t27 K15RR9W
45.46821 0.139011 3.122 184.306 31.183 42418.517 o5t28 K15RR9V
44.071036 0.061603 2.259 235.47 10.953 48209.983 o5t29 K15RR9P
43.790469 0.072712 3.39 145.009 84.048 42910.347 o5t30 K15RS0B
44.38549 0.083882 2.352 201.078 24.483 43963.221 o5t31 K15RO5T
43.791251 0.035099 2.5 239.095 2.903 45664.272 o5t32 K15RR9T
44.206582 0.033104 2.193 184.733 107.129 61276.588 o5t33 K15RR9L
46.74618 0.170748 3.763 227.614 330.797 39385.368 o5t36 K15RR9Q
44.21083 0.083251 2.591 178.495 18.674 35037.414 o5t37 K15RR9R
45.354067 0.066792 2.718 207.562 11.953 41081.445 o5t38 K15RS0J
45.492119 0.062713 1.615 198.55 130.596 72726.821 o5t39 K15RR9O
44.165219 0.039113 2.413 188.685 260.515 106871.661 o5t40 K15RR9S
44.310073 0.043379 1.983 210.167 282.423 13325.614 o5t41 K15RS0E
44.648511 0.108996 1.995 226.593 298.143 25781.206 o5t43 K15RS0D
43.559724 0.070802 4.023 242.455 246.081 12311.498 o5t44 K15RR9Z
44.106759 0.06404 1.748 185.009 266.826 108397.523 o5t45 K15RR9M
44.850951 0.095994 2.761 225.023 243.825 5916.475 o5t49 K15RS0A
45.404657 0.062657 23.718 271.594 237.788 18832.64 o5t58 K15RS0K
42.664194 0.01374 0.865 159.729 131.703 63370.416 K02O20 K02PH0V
44.884435 0.074492 4.807 229.952 225.207 10814.17 K02O32 K02PH0W
43.013603 0.030375 1.703 68.838 87.851 26963.118 K02O40 K02PH0Y
44.701614 0.058885 4.531 226.555 329.197 40636.179 K02O43 K02PH1C
42.653669 0.041347 1.44 130.235 26.216 26449.539 K02P32 K03QB3Z
44.34481 0.075723 1.089 57.256 358.478 104788.29 K02P41 K02PH1A
47.196094 0.22387 29.822 102.111 262.002 30420.334 L3h04 K03H56X
42.603511 0.036813 1.599 268.365 300.846 75954.552 L3h05 K03H56Y
44.046269 0.071521 2.713 168.083 25.375 74897.734 L3h09 K03H57C
44.038284 0.087995 1.335 232.537 226.247 49886.44 L3h13 K03H57H
43.612247 0.032259 1.611 254.636 285.277 70706.911 L3h18 K03H57G
44.172946 0.099792 8.649 271.229 180.183 47640.75 L3h20 K03H57E
42.618486 0.09616 3.659 197.433 21.985 44885.512 L3q02PD K01QT8B
46.240214 0.143316 4.852 217.86 150.201 92130.805 L3q04PD K02PH0T
44.09413 0.039735 2.429 120.847 250.306 90024.196 L3q06PD K01QT8J
44.149407 0.027473 2.666 184.184 118.623 69926.833 L3q09PD K01QT7X
42.499691 0.042082 3.424 164.768 66.169 38099.315 L3s01 K03SV7N
42.628892 0.079517 29.06 105.625 188.772 56311.358 L3s03 K03SV7Q
44.539192 0.102684 3.384 183.797 238.868 75155.014 L3w02 K03T58G
44.601729 0.137024 17.809 335.506 67.175 68371.714 L3w04 K03YH9O
41.670036 0.145614 22.006 193.483 287.809 78004.899 L3w05 K03YH9K
44.403546 0.086433 1.367 212.987 107.692 47264.575 L3w08 K03T58J
45.171151 0.104183 0.566 249.402 64.609 46336.764 L3w09 K04XJ0X
43.54218 0.045554 9.57 173.207 224.681 66042.257 L3w10 K03T58L
43.077562 0.064746 1.52 332.082 223.251 8606.235 L3w11 K03T58K
43.581905 0.044 3.343 43.337 40.623 68115.654 L3y01 K03YH9X
46.748788 0.159734 3.545 42.549 313.057 48578.326 L3y03 K03YH9U
43.584991 0.022311 1.89 5.257 127.172 83031.2 L3y05 K03YH9S
47.100586 0.222043 14.009 13.309 66.388 67523.448 L3y09 K03YH9V
43.719581 0.048039 8.353 115.299 30.974 60818.0 L4h01PD J93F00W
43.887907 0.078 0.567 276.408 248.264 64323.724 L4h12 K04H79K
42.108694 0.07351 18.506 141.772 308.424 40644.89 L4h16 K04H79L
44.316254 0.098046 1.68 308.352 189.334 53080.915 L4j01 K04H79E
43.269131 0.025466 0.435 196.598 349.402 64247.339 L4j02 K04H79F
44.199894 0.02298 2.277 305.2 206.479 56531.438 L4j03 K04H79G
46.398509 0.160639 0.745 242.987 246.206 52349.318 L4j05 K04H79C
45.940983 0.032046 1.606 132.646 163.164 103621.256 L4j07 K04H79D
43.25925 0.060099 10.154 147.671 92.428 77460.66 L4j10 K04H79H
44.961294 0.060941 1.532 170.406 336.724 54728.863 L4j12 K06J58V
44.359851 0.049814 2.863 189.698 272.577 43096.423 L4k02 K04K19E
44.122544 0.063475 1.828 182.943 335.436 57567.58 L4k03 K04K19F
43.272025 0.021635 2.724 192.407 300.706 49274.8 L4k04 K04K19G
42.388028 0.14267 6.603 171.522 214.894 19445.363 L4k10 K04K19K
40.771605 0.117209 37.502 202.803 227.101 21298.918 L4k12 K04K19H
46.238529 0.12464 8.397 149.852 246.705 25871.609 L4k13 K06J58U
45.580328 0.131303 1.578 270.179 202.261 46405.873 L4k15PD K03L07B
46.967058 0.235428 25.653 141.302 44.097 63402.637 L4k17 K04K19J
41.470909 0.105883 22.669 188.197 37.99 62529.739 L4k19 K05JI6B
43.120301 0.041955 0.406 43.228 350.386 3955.289 L4m03 K04M08T
47.234126 0.175028 25.647 12.631 192.311 55715.866 L4m04 K04M08V
44.856425 0.081796 2.049 35.296 320.436 99552.576 L4n04 K04M08U
42.983289 0.04115 2.099 215.329 260.883 22382.759 L4p01 K04PB7T
42.817224 0.014613 1.754 239.454 43.147 67635.066 L4p02 K04PB7U
46.068915 0.153431 5.44 220.339 328.481 47460.46 L4p03 K04PB7V
43.620105 0.06023 0.094 284.758 145.343 8593.727 L4p05 K04PB7W
43.835336 0.083322 0.721 122.206 26.812 33162.36 L4p06PD K01QT7Y
44.282728 0.064421 2.122 236.253 310.529 43125.412 L4p08PD K01QT7Z
44.260877 0.099653 2.448 54.815 50.646 20334.037 L4p09 K04PB7X
43.030054 0.114461 22.83 59.895 110.367 37667.401 L4q03 K04Q29D
40.877929 0.083725 23.558 280.484 1.034 52185.708 L4q05 K04Q29E
46.518611 0.022323 5.689 221.113 321.794 40159.245 L4q09 K00P30D
45.984694 0.120138 0.766 64.512 87.386 33314.552 L4q11 J99O04M
42.640563 0.041033 2.747 98.216 147.545 52710.489 L4q15 J99O04N
44.946946 0.06478 1.848 82.947 48.783 25050.858 L4q16 K04Q29F
43.951488 0.07395 1.442 167.723 149.967 54396.073 L4v03 K04VD1C
46.324366 0.122529 3.147 274.2 359.557 44415.981 L4v14 K04VD1D
45.735469 0.035346 1.532 248.332 127.177 46479.072 L5c02 K06C69H
42.714559 0.046659 1.615 64.97 5.834 56740.327 L5c03 K05C81E
45.440829 0.077212 2.143 213.383 287.704 81874.169 L5c06 K07C79Q
43.397612 0.102835 9.051 226.12 111.757 35521.976 L5c07PD K05XA0U
45.325142 0.066507 4.6 207.307 201.404 55270.265 L5c10PD J99CB9J
47.148903 0.218764 20.584 37.672 354.692 52110.897 L5c14 K07C79R
44.159105 0.035816 2.823 209.089 169.762 44756.669 L5c18 K07C79S
44.980389 0.063039 0.715 257.006 344.718 3531.602 L5c20PD K02CM4Z
44.126005 0.068045 4.129 230.439 316.461 92193.042 L5c21PD K05ET6E
43.990748 0.084744 1.622 227.8 288.348 81423.164 L5c22 K07DA1S
44.17195 0.065197 2.126 92.739 254.723 36481.395 L5c24PD J99CF3U
42.777915 0.046152 1.685 306.353 194.19 46847.807 L5i01 K06HC3A
46.012882 0.216135 9.123 321.763 247.34 66258.629 L5i02PD K01K76W
43.898185 0.145688 22.421 161.233 14.429 57052.309 L5i03PD K01K77O
44.077094 0.068484 1.836 252.604 162.15 24869.436 L5i05 K05JI5Y
44.635916 0.094308 2.695 318.153 254.458 66861.403 L5i08 K05JI6J
44.314082 0.067189 6.269 337.84 203.667 60858.99 L5j03 K05L54A
43.689694 0.047521 1.269 28.042 156.631 60541.746 L5j04 K05L54B
42.027544 0.106671 25.864 213.41 312.918 24235.56 L5s01PD K04S60B
46.198229 0.146393 8.539 200.858 342.504 98884.655 L7a04PD K02CO8Y
43.681525 0.045164 6.494 39.941 19.978 58476.771 L7a05 K05B49V
43.499576 0.042456 0.875 270.394 252.718 87660.748 L7a06 K06WK6F
44.080188 0.07818 0.987 274.785 179.136 68074.335 L7a07 K05B49W
47.045919 0.147499 20.677 207.418 57.827 18502.074 L7a11PD K00CA5O
40.385613 0.038584 18.656 15.057 21.488 27410.864 HL6r1 K07RV4L
42.599421 0.027342 20.034 139.124 54.731 33729.986 HL6r5 K06Sf5E
43.197883 0.077006 17.604 187.441 122.053 65149.51 HL6r6 K06Sf5F
45.547957 0.160926 27.609 14.386 341.377 36258.601 HL7c2 K07F51M
46.096206 0.156517 26.639 170.215 51.728 48812.282 HL7p3 K07RW6X
43.181427 0.158914 20.49 255.545 76.588 59873.2 mah07 K12UH7N
43.548763 0.058274 17.878 201.744 59.361 43990.595 mah12 K12UH7M
41.562084 0.035094 17.878 231.487 342.886 22542.167 mah13 K12UH7O
40.737407 0.092034 28.799 190.23 152.597 51996.797 mal24 K11Uf2K
46.250117 0.147643 4.503 165.285 138.377 58270.138 mal36 K11Uf2A
42.43268 0.098398 5.967 297.715 330.944 43456.458 mal37 K11Uf1X
45.382779 0.131928 12.045 144.412 118.832 46961.974 mal38 K11Uf2M
43.408021 0.070503 4.045 228.395 59.356 50639.411 mal39 K11Uf2C
43.048298 0.070517 7.139 280.698 343.715 43929.543 mal40 J99RL5U
44.061145 0.06395 2.481 236.943 79.521 58648.018 mal42 K01RE3Z
43.362997 0.06684 3.908 272.856 348.214 43238.873 mal43 K11Uf1V
42.603289 0.116416 13.951 300.968 101.214 75304.677 mal44 K11Uf2H
43.839053 0.165471 4.17 269.505 118.172 74173.18 mal46 K11Uf1W
46.451 0.15503 4.0 197.056 35.887 40158.17 mal48 K11Uf2G
43.02836 0.083076 12.221 163.313 57.033 32305.258 mal49 K11Uf2L
42.030971 0.029441 27.907 320.535 150.955 94556.742 mal50 K11Uf2J
44.217924 0.06418 3.427 201.799 174.177 75286.666 mal51 K11Uf1Y
43.940956 0.030894 2.447 223.805 145.759 73617.814 mal52 K11Uf1U
45.41369 0.052319 5.858 249.365 116.948 75027.845 mal53 K11Uf2D
43.495764 0.055618 14.738 284.669 252.608 19787.907 mal54 K11Uf2B
45.535456 0.05315 2.687 197.745 16.842 31494.864 mal55 K11Uf1Z
45.069927 0.011888 3.577 204.021 296.494 6484.545 mal56 K11Uf2F
47.879267 0.160826 3.332 229.795 144.107 79920.003 mal58 K11Uf2S
43.495625 0.111878 24.142 137.806 2.363 7508.573 mal59 K11Uf2E
