# File: All_Surveys_v11-free-cla_m.detections-full
# 
# Creation time: 2021-03-02T16:40:53.000  +0100
# 
# Colors used
# 
# 0.90e0 0.0e0 -0.5e0 -1.0e0 1.5e0 1.2e0  0.8e0 -0.1e0 -0.5e0 0.0e0
# 0.60e0 0.0e0 -0.5e0 -1.0e0 1.5e0 1.2e0  0.8e0 -0.1e0 -0.5e0 0.0e0
# 
# Grid size:
# h_step:  0.1
# a_step:  0.2
# q_step:  0.2
# si_step: 0.001
# 
          a          e        i    ifree     Omega    Omfree     omega    omfree        tperi    cl      object       MPC  
  43.932301   0.113549     5.42    3.949    57.011   318.225   146.669   159.424    53218.946   cla       o3e15   K13GD8D  
  43.865613   0.099767    2.595    0.881    95.871    31.379   120.985    99.782    56797.205   cla       o3e16   K13GD7S  
  41.097734   0.034898    7.451    9.927   216.046   178.271   288.779   288.203    38169.437   cla       o3e17   K13GD6V  
  41.441841   0.048136   21.116   23.504   212.131   165.339   288.248   286.508    37078.442   cla       o3e18   K13GD7Z  
  43.237096    0.03949    1.171    0.966    56.759   210.091   171.768   297.261    59765.942   cla     o3e20PD   K01FI5K  
  45.685486   0.131261    2.848    1.198    90.464   352.858    69.726    73.871    43035.565   cla       o3e21   K13GD7Q  
  44.095032    0.06506    2.761    1.134    72.401   322.295   103.048   126.205     46930.59   cla       o3e22   K13GD7N  
  46.446625   0.118084   10.636   11.289   205.775   117.518   334.492   326.679    47161.113   cla     o3e23PD   K01FI5O  
  42.628182   0.043771    4.226    2.464    51.358   318.049   233.421   252.451    74671.818   cla       o3e24   K13GD7R  
  44.842049   0.074731    4.972    4.219    35.735   286.152   212.512   231.791     64701.44   cla       o3e25   K13GD7U  
     43.799   0.045284      3.9     2.32    63.412   321.236   185.788   202.699    65067.729   cla       o3e26   K13GD8A  
   44.15271   0.044212    2.822    1.347    65.606   309.381   121.499   150.481    48772.219   cla     o3e27PD   K04E95U  
  43.289122   0.058806    4.129    2.677    51.113   308.483   241.143   262.175    77212.193   cla       o3e28   K13GD7X  
  41.419708   0.091296   29.251   26.836    35.399   346.608   290.966    292.14    84741.207   cla       o3e29   K13GD7O  
  45.258061   0.057267    2.633    2.795   169.302   113.197    15.405   339.513    47718.231   cla     o3e30PD   K13EE9M  
  44.593403    0.10597    2.294    2.186    25.267   250.695   108.593   153.869    34984.304   cla       o3e31   K13GD7T  
  42.894224   0.050571    3.022    1.069    83.338    16.053   254.744   244.302    89382.086   cla       o3e32   K13GD8C  
   44.04499   0.018633    0.551    1.855   175.792   162.724   305.616   231.981    28267.082   cla     o3e34PD   K13GD8F  
  43.709752   0.025461    1.748      1.7   141.558   120.625   199.513   135.693    93059.736   cla       o3e35   K13GD7P  
  44.022671   0.016731    3.678    2.365    54.494   304.341   310.099   333.708    99734.989   cla       o3e36   K13HF6T  
  43.964762   0.046419    3.316    2.288    45.295   288.215   282.562   313.421    87786.414   cla     o3e37PD   K04H79J  
  42.976467   0.049984    2.787    3.772   182.558   134.163   188.511    158.22    99579.367   cla       o3e38   K13GD8B  
  44.166252   0.053074    3.069    2.538    31.552   269.099    56.597    91.761    18988.851   cla       o3e40   K13GD8E  
  43.792276   0.082918    3.196    1.528    69.798   326.153   290.509    308.92    97131.541   cla       o3e43   K13GD7V  
   47.45751   0.028111   24.608   25.348   215.196   119.268   140.702   137.374   101251.566   cla       o3e44   K13GD8G  
  44.101109   0.075583   22.461   21.477    32.467   301.813   102.683   106.632    35691.886   cla       o3e51   K13GD7M  
   42.36868   0.153994   12.112   10.283    40.856   324.766   356.122     2.075     7825.813   cla       o3e52   K13GD6T  
   44.88505    0.10112     5.31    4.428    39.925   292.133    213.66   230.976    66547.421   cla       o3e53   K13GD7Y  
  42.860653   0.062303    5.017    3.467    46.304   311.812   189.501   206.708    62031.568   cla       o3e54   K13GD7W  
  46.006337   0.147373    6.755    7.079   189.193   107.947   210.365   196.984    62366.624   cla       o3l18   K10RI8E  
   45.33427    0.12582     1.48    0.341   102.432   129.742   285.047   165.497    59960.597   cla       o3l19   K13SA0M  
  43.905171   0.083291    2.553    1.389   117.499    74.207   238.466    195.82    52567.883   cla       o3l21   K13SA0S  
  42.351739   0.082499    4.828     5.26   159.035    113.37   272.616   248.231    71127.891   cla       o3l22   K06QI1A  
  44.129262   0.076305     0.91    1.247   128.769   151.005    262.35   152.966    61729.825   cla       o3l23   K13SA1E  
  40.910282   0.062981   14.829     17.0   181.923   153.249   286.763   282.404    80219.204   cla       o3l24   K13SA0T  
  43.793337   0.060055    3.421    2.449   128.801    74.148   264.138     233.5    61855.519   cla       o3l25   K13SA0L  
  45.318204   0.091377    2.449    1.949    39.769   264.676   322.064     5.008    52456.841   cla       o3l26   K13U18E  
  42.519668   0.026077    2.115    1.127   103.738   104.722   247.932   174.225    51180.167   cla       o3l28   K06QI1E  
  42.475323   0.078725    12.99   13.968   185.551   121.383   112.562     104.5     37309.63   cla     o3l29PD   K13U17M  
  43.068708   0.046006    0.717    1.367   109.865   164.668   209.626    75.218    41956.527   cla       o3l31   K13U17E  
   43.78264    0.05958    0.793    1.058    71.769    190.02   252.081    48.645    43815.081   cla       o3l32   K13S99P  
  43.847996   0.050298    0.946    0.883    94.742   170.185   240.394    79.365    45854.873   cla       o3l33   K13U17P  
   43.28186   0.163357   27.029   26.372    13.635   288.533   266.056   270.008     35318.89   cla       o3l35   K13SA0Y  
  42.663873   0.013293     1.22    2.179   154.042   146.625   151.467    84.053    38177.666   cla       o3l36   K13SA0W  
  42.767599   0.016279    1.277     0.76    69.807   190.762     6.767   169.628    74436.797   cla       o3l37   K13SA0X  
  43.340606   0.021272    1.588    1.149    44.594   237.239   307.161     32.47    51293.138   cla       o3l38   K13SA1D  
  42.711972   0.027347    1.831    0.306    82.297    134.55    211.44    83.722    34430.822   cla       o3l40   K13U17L  
  43.757521   0.037532    2.328    0.853    65.937   296.743   263.594   307.768    44939.707   cla     o3l41PD   K06UW1O  
  44.967211   0.099039    2.724    1.261    71.249    313.52    12.582    39.463    73844.613   cla       o3l42   K13U18D  
   45.78505   0.097248    2.025    0.532    81.927   308.526   235.403    275.01    41674.995   cla       o3l43   K13U15L  
  42.793616   0.041911    2.941    3.239   155.861   116.837   118.328    80.786    28727.074   cla       o3l44   K13U18C  
  42.558074   0.036753    2.912    1.918    114.41     86.72   145.978   100.348    25158.391   cla       o3l45   K13U17S  
  46.611773   0.078935    2.471     0.99    82.107   321.878   327.011   350.812    65464.772   cla       o3l46   K13U15P  
  43.068025   0.033726      2.1    2.089   141.763   117.252    124.84    69.727    27335.424   cla       o3l47   K13SA0V  
  43.025667   0.026526    4.007     2.72    42.049   297.336   204.557   230.151    20308.352   cla       o3l48   K13U17T  
  43.029581   0.018114    6.789    5.805    26.913   292.398   149.167   164.573   101932.659   cla       o3l49   K13U18A  
  43.327117   0.049191    3.727    2.017    64.105   325.536   203.805   220.441    26743.408   cla       o3l50   K13U15O  
  45.146339   0.032709    3.558    2.601    134.81    69.615    278.01   251.623    66955.018   cla       o3l51   K13U18B  
  42.649699   0.040288    2.238    1.018   101.626    93.298   128.848    62.546    17725.849   cla       o3l52   K13SA1C  
  46.554501   0.055949    1.782    1.599   152.147   112.707   216.697   159.855    55823.817   cla       o3l53   K13SA1G  
  44.792857   0.110427    0.932    0.803    99.071   169.651   191.284    30.537    34021.265   cla       o3l54   K13U18G  
  44.004084    0.09623    2.357    1.315    52.923   277.844   221.513   270.139    30242.385   cla       o3l55   K13U16Y  
  43.520523   0.025253    2.948    1.517     57.52   301.849     97.52   129.769    96709.399   cla       o3l56   K13U17N  
  42.442374   0.053352    1.318    1.265    37.821   215.277    141.54   252.619   103374.848   cla       o3l58   K13SA1F  
  43.634246   0.025484    6.215    6.725   182.438   113.797   348.862    333.17   102482.929   cla       o3l59   K13SA0N  
  44.814195   0.075279    2.664    1.939   136.835     86.38   325.921   286.095    81891.663   cla       o3l60   K06QI1F  
  45.132794   0.054247    3.363    3.337    166.07   103.707   118.283    89.104    30140.134   cla       o3l63   K13U15N  
  44.354805   0.073408    1.972    0.397    78.108   299.073    43.407    94.197    86446.199   cla       o3l64   K13U16W  
  43.563163   0.043148    2.947    1.533   110.162     58.76    56.548    24.182   100940.164   cla       o3l66   K13SA0J  
  44.323674   0.052819    4.459    3.853    29.346    278.42   225.721   248.603    21958.849   cla       o3l67   K13U17Y  
  43.597529   0.057067    2.886     1.05    81.891   354.237   144.329   147.999    14004.843   cla       o3l69   K13U18X  
  46.433013   0.196079   10.458   10.784   193.205   105.801   282.034   273.406    80535.054   cla       o3l70   K13U18F  
  45.318574   0.013675    1.927     0.26     94.26    15.613    73.643     60.11   103142.806   cla       o3l71   K13U17W  
  44.313547   0.071562    3.114    2.518   141.995    88.136     5.343   331.109    93958.644   cla       o3l73   K13U17R  
  45.831656   0.144061    2.462    2.516    21.499   248.923   249.438   288.092    29509.158   cla       o3l74   K13SA0O  
  43.635637   0.070078    8.454    7.593    27.855   292.089   164.128   175.763     4613.802   cla       o3l75   K13SA0Z  
  44.150909   0.092835    3.468    2.266    51.995   297.997   175.334   202.113    15906.182   cla       o3l76   K13S99Q  
  42.769012   0.113085   27.342   28.183   189.131   116.406    15.969    12.037     8822.522   cla       o3l77   K13U15Q  
  46.296355   0.166151    8.478    8.001    27.813   281.591   114.041   124.917    93465.973   cla       o3l79   K13SA0A  
  45.592876   0.180161   24.176   23.813    17.575   280.788   152.171   156.155   103383.404   cla       o3l81   K13SA0R  
  44.012292   0.082314    1.435    0.908   116.888    126.97   104.703     8.092    12885.584   cla       o3l84   K13U22R  
  46.199942   0.189472   11.707   10.079    98.218     3.555   184.373   183.875    66058.975   cla       o3o21   K13J65R  
  40.569913   0.021489   13.728   16.204   201.598   178.876      39.0    38.795    56038.665   cla       o3o22   K13J65S  
  41.277028   0.063823   12.468   14.636   192.071   153.474   334.588   329.459    39328.237   cla       o3o23   K13J65P  
  42.412897   0.080485    9.958   10.683   175.121   115.222   116.501   105.224    69833.955   cla       o3o24   K13J65O  
  44.259367   0.122052    8.413    7.243    131.46    53.248    52.649     42.98    43363.574   cla       o3o26   K13J65Q  
  40.672061    0.01212    19.64    18.29    79.919    60.065   337.535   331.137     9800.602   cla       o3o28   K13J65N  
  46.615519   0.197741    8.573    8.269   170.291    84.575   358.564   347.716    39384.122   cla       o3o30   K13J65T  
  46.778968   0.123524   11.205    9.602    92.147   354.409   308.676   309.483   108533.545   cla       o3o35   K13J65M  
  46.392265   0.128142   10.498    8.897   104.554    10.377     90.45    88.845    45436.076   cla       o3o51   K13J67X  
  43.523588   0.127214   10.692    12.33   233.543   154.318   168.128   163.801    59668.449   cla       o4h19   K14UM5K  
  46.342329   0.198921    7.954    9.075   225.127   137.411   189.407   181.434    63240.768   cla       o4h20   K14UM5L  
  42.911075    0.09505    13.89   15.523   221.487   147.816   231.618   227.231    72808.782   cla       o4h23   K14UM8J  
  42.712913   0.068616    2.339    4.106   295.658   201.576    42.373    61.007     45085.78   cla       o4h25   K14UM9K  
  43.350637    0.05209    2.558    3.747   327.821   218.488    59.998    87.226    56541.649   cla       o4h28   K14UM8Y  
  46.581802   0.142064    5.082     6.62   255.887   164.422   167.383   162.478    65512.493   cla       o4h33   K14UM8L  
  42.917669   0.035165    6.012    7.909   239.568   166.083   201.208   196.671    70666.816   cla       o4h34   K14UM9E  
  41.665957   0.049085   11.857    14.17   211.997   160.893    53.583    49.635    26164.927   cla       o4h36   K14UM9Z  
  42.661959    0.09753     2.58    4.627   252.048   178.475     34.91    33.699    32192.791   cla       o4h38   K14UM9L  
  43.966182   0.072799    8.397    8.503   358.922   260.609   113.371   125.552    78719.147   cla       o4h41   K14UM9H  
   45.53717   0.112571    3.834    4.786   337.687    226.45   325.606   343.939    34038.331   cla       o4h42   K14UM9C  
  43.531599   0.141153    2.586    4.091   309.627   207.109   204.463   223.488    89830.314   cla       o4h44   K13P76S  
  43.361976   0.129642    3.662    4.364   343.412   236.044   294.865   320.057    30209.998   cla       o4h45   K14UM5D  
  45.115039   0.119304    2.135    3.776   289.482   190.096    33.274    41.242    41080.041   cla       o4h46   K14UN0C  
  42.081747   0.155023    6.911    6.262     0.601   276.319   241.566    261.08    19059.122   cla       o4h48   K01RE3Y  
  42.444529   0.128638    3.406    4.078   339.513   236.597   191.298   222.763    94022.966   cla       o4h49   K14UM8P  
  43.711338   0.066182    4.491    6.207   241.453   163.363   333.023   326.344     7290.497   cla       o4h50   K14UM5E  
  44.952443   0.047482    5.492    5.946   353.682   246.459   144.549    161.05    89267.637   cla       o4h51   K14UM8C  
  41.384951   0.096186   21.022   23.493   222.443   176.135   223.832   223.367    69807.196   cla       o4h74   K14UM9J  
  45.873742   0.172973   24.022   23.662    18.525   280.795    46.501    50.475    64845.938   cla       o4h75   K14UM8N  
  45.667084   0.175083    5.824    7.165   232.927   148.121   263.428   254.778    85866.395   cla       o4h77   K14UM9P  
  43.771039   0.065164    7.034    7.398   350.663   251.466   169.448   183.639    94331.663   cla       o4h78   K14UN1K  
  42.476876   0.130871    9.841   11.761   224.724   157.374   181.453   176.686    56111.018   cla      o5c033   K15VH0E  
   40.07267   0.059611   26.799     28.6    55.061   221.769   358.085     1.746    57620.394   cla      o5c035   K15VH0L  
  41.608197   0.103727   16.457   18.902   223.372    171.36   234.785   233.472    67748.475   cla      o5c037   K15VH0N  
  43.474388   0.173241    2.504    3.504   189.035   136.578   285.049   254.362    71343.412   cla      o5c041   K15VG9C  
  42.052179   0.075138    0.506    2.001   107.859   169.963   337.593   211.189    65276.566   cla      o5c042   K15VH0G  
  45.261923   0.129496    5.728     6.57    205.07   126.642   218.808   205.185    60361.009   cla      o5c044   K15VH0M  
  46.777527   0.153814   11.209   12.374   230.587   138.974   194.055   188.614    59949.296   cla      o5c045   K15VG9Y  
  42.741828   0.055569    2.245    2.912   161.749   129.732   259.188   215.311    60615.972   cla      o5c047   K15VG9D  
  43.798937   0.075032    1.301    0.545    78.092   197.399   327.655   123.062    55587.706   cla      o5c048   K15VG9T  
  42.900078   0.060726    2.885    3.779    178.11   131.295   261.194   230.171    65178.257   cla      o5c049   K15VG9J  
  40.675129   0.012353   28.118     30.5   222.555   195.347    74.974    76.365    28511.137   cla      o5c050   K15VG9M  
  45.556838   0.096773    0.768    2.101   207.642   160.588   182.975   136.996    51527.312   cla    o5c051PD   K04VD1A  
  42.782497    0.02157    1.757    1.526   123.564   122.363   270.781   195.584    53460.412   cla      o5c053   K15VG8Y  
  44.883549   0.079536   24.682    25.97   228.418   140.247   147.876   145.266    47595.413   cla      o5c054   K15VG4B  
  42.508478    0.02783    1.588    0.718    56.809   216.822   290.899    58.364    39845.338   cla      o5c055   K15VG9U  
  43.785841   0.049222    1.333    2.684   201.496   153.546   257.948   220.671    69760.241   cla    o5c056PD   K14Wo9D  
  43.870306   0.038939    2.176    0.552    97.491    53.485   330.021   288.305    62448.671   cla      o5c057   K15VG9A  
  43.592476   0.052486    1.457     0.49    73.229    213.56   278.818     54.54    41461.132   cla      o5c058   K15VH0C  
  43.481336   0.047683    1.638    1.986   152.062   129.676   193.434   132.639    39096.631   cla      o5c059   K15VH0A  
  44.778813   0.062891    1.305    1.222   135.469   130.563   321.324   236.109    69443.833   cla      o5c060   K15VH0H  
  45.648463   0.116027    3.782    2.255   110.649    29.929   235.708   223.074    41449.108   cla      o5c061   K15VG9O  
  45.486742   0.060892    2.119    0.511    85.597   328.767   325.654    349.71    58137.305   cla      o5c062   K15VG8V  
  42.502805   0.034279    6.173    4.078     77.13     7.099   219.009   216.589    27033.586   cla      o5c063   K15VG9N  
  43.358884   0.045477    2.214    0.784   102.215    75.085   226.336   171.244    34641.468   cla      o5c065   K15VH0K  
  42.878592   0.026925    2.522    1.248   106.701     79.92    42.947   352.166    85390.894   cla      o5c066   K15VG9H  
  43.384209   0.041103    1.446    0.487    74.333   204.659   253.846    41.111    34208.187   cla      o5c067   K15VG9S  
  42.671116   0.041502    1.954    0.763    96.739   107.679   201.596   115.735    27518.049   cla      o5c068   K15VG8W  
  44.311039   0.033235    2.527    1.397   120.109    73.813   241.068   199.301    44185.878   cla      o5c069   K15VG9E  
  46.070342   0.128313    5.928     4.36    80.462    340.43    39.492    44.807    74879.976   cla      o5c070   K15VH0P  
  42.768624   0.021387     2.25    0.422    66.753   298.957   113.883   165.486    93239.985   cla      o5c071   K15VH0F  
  43.789675   0.009394    2.938    1.651   115.585    64.007   335.068   301.391    68282.174   cla      o5c072   K15VH0B  
  45.290384   0.035223    1.202    2.632   223.535   159.978   187.603    159.07    57967.728   cla      o5c073   K15VG8T  
   46.57336   0.054506    2.181     1.15   127.289    77.254   271.757   225.458    54728.203   cla      o5c074   K15VG9G  
  43.114349    0.02774    2.651    0.785    72.359   333.129   124.216   143.403    99270.474   cla      o5c075   K15VG8X  
  44.353078   0.072326    1.159    1.597   151.086   139.772   347.614    270.67    81922.872   cla      o5c076   K15VG8U  
  42.679916   0.057988    3.594    2.003    47.989   305.362   223.839   251.466     18429.82   cla      o5c077   K15VG9P  
  42.858537   0.042749    4.756    2.771    74.172   354.623   138.283   140.532   102674.057   cla      o5c078   K15VH0J  
   43.85437    0.03213     0.71    1.359    43.886    200.36   244.621     2.533    21353.402   cla      o5c079   K15VG9Q  
  43.628314   0.035281     2.11    3.731   226.251   159.643    49.552    31.944    19203.466   cla      o5c080   K03UT1V  
  43.831154   0.060249    3.196    1.591   104.028    39.705   188.478   167.302     25284.74   cla      o5c081   K15VG9F  
  43.547398   0.043605    0.251    1.872    175.39   172.295    13.223   292.678    97114.119   cla      o5c082   K15VG8Q  
  43.929882   0.039121    2.909    1.457   109.776    53.376   162.685   133.008     17202.36   cla      o5c084   K15VH0O  
  45.493781   0.003942    2.003    1.164    57.278   268.283   120.124   176.334    97328.741   cla      o5c085   K15VG8P  
  43.907061   0.059127    3.182    1.559    68.722   322.873   124.723   144.659    97326.884   cla      o5c086   K15VG9X  
   44.40489   0.071256    1.676    0.281    79.335   251.572   207.216     306.5    22855.175   cla      o5c087   K15VG8R  
  42.992489   0.079931    3.004    1.189    65.549   324.582   180.694   202.862    10271.926   cla      o5c089   K15VG9V  
  43.801303   0.059868    2.335    1.328   119.838    85.104    123.23    72.641     9281.476   cla      o5c090   K15VG9K  
  44.893555   0.107904    7.085    5.528    69.579     332.7    98.037   104.383    90250.378   cla      o5c091   K15VG9L  
  45.766696   0.072047   24.686   25.971    233.76   142.212    67.194    64.771    24364.446   cla      o5c092   K15VG4A  
   45.26201   0.086875    1.684    1.418   141.856   114.741    32.426   327.548    92004.615   cla      o5c093   K15VG9Z  
  44.007446   0.080394    2.082    0.685   104.917    73.852   129.293    73.857     5936.316   cla      o5c094   K15VG9B  
  42.660466   0.155291   17.233   19.174    235.09   162.324    29.352    27.252    17942.056   cla      o5c097   K15VG9R  
  45.239276   0.180967   17.953   19.278   232.355   143.536   312.942   309.701    92763.816   cla      o5c098   K15VG9W  
  44.191848   0.150157    6.208    7.389   213.726   137.321    346.86   335.731    99881.889   cla      o5c099   K15VG8Z  
  45.660125   0.156735   10.118    8.895    54.194   314.126   219.171   225.954    18032.891   cla      o5c100   K15VH0D  
  46.858385   0.178802    3.495    2.395    60.975   300.471   133.477   156.827   100510.826   cla      o5c102   K15VG8S  
  42.519322    0.14142   10.578    8.658    51.219   333.482    39.739     44.85    65964.561   cla      o5d030   K15VH0Q  
  46.288908   0.167015   21.688   20.503    53.612   315.285   358.692     1.792    57689.361   cla      o5d040   K15VH1J  
  43.600825   0.110479    3.698    2.433     48.96   299.262   351.286     17.01    55182.092   cla      o5d043   K15VH2L  
   39.53649   0.017047    1.591    3.038    82.535   211.508   323.303    17.742    56529.679   cla      o5d044   K15VH2U  
  42.703718   0.097024   18.126   16.233    54.968   337.194    22.907    25.443    63729.636   cla      o5d045   K15VH1F  
  44.863004   0.152569   20.891   19.509    55.896   322.728   303.613    306.51    46086.778   cla      o5d053   K15VH3O  
  42.079587   0.117771     5.12    2.998    82.691    31.523    38.206    24.492    73430.505   cla      o5d054   K15VH2D  
  43.819722   0.088856    2.218    2.456   159.819   119.544   238.978   193.805    54831.396   cla      o5d057   K15VH3H  
  44.715067   0.101765    2.786     2.01   135.648    83.544   277.404   239.634    58235.003   cla      o5d058   K15VH3Q  
  45.303616   0.143256   25.675   24.431    51.232   316.703   315.632   318.286    47107.205   cla      o5d059   K15VG4C  
   45.97379   0.130814    1.937    3.378   235.787   159.012   196.995   179.329    62967.951   cla      o5d061   K15VH2K  
  45.892482   0.172108    2.735    3.127   181.582   119.097   285.457   253.745    70277.633   cla      o5d062   K15VH1V  
  42.381937   0.074441    3.022    4.046   171.971   132.933   299.383    267.89    72348.119   cla      o5d063   K03UT3K  
  41.436051   0.021303   18.179   15.704    50.277     2.357   317.939   317.613     46247.49   cla      o5d064   K15VH0S  
  44.368302   0.071761    1.949    0.208    89.804    14.126   330.969   318.333    60101.153   cla      o5d069   K15VH3D  
  44.857602   0.099183     2.46     1.05    69.884   304.705    22.071    56.836    67695.285   cla      o5d070   K15VH1H  
  43.919736   0.080571    1.448    1.055    50.024   233.762    53.344   143.618    71116.368   cla      o5d071   K15VH2J  
  44.216429   0.067028    3.008    1.614   113.346    54.068   330.924   302.602    66224.639   cla      o5d072   K15VH2A  
  43.207337   0.033363    3.465    3.338   151.031   102.579   265.006   232.486    59048.318   cla      o5d073   K15VH3T  
  43.343359   0.047729    2.355    3.012   172.008   128.557   190.049   151.377    44471.118   cla      o5d074   K15VH1T  
  43.339001   0.044892    3.941    2.076    76.353   349.148    26.419    31.582    71413.516   cla      o5d075   K15VH1P  
  46.535088   0.106701    2.792     3.83   214.309   139.964   230.922   209.031    66353.128   cla      o5d076   K15VH1D  
  44.068439   0.054999    2.864    1.088     88.54      4.53   275.246   272.435     44916.26   cla      o5d077   K15VH1O  
  42.931786   0.038034    1.208    2.657   189.284   154.897   150.117   106.336    38250.543   cla      o5d078   K15VH1A  
  42.552202   0.026293    3.255    1.171    71.562   355.449   256.513   259.429    35096.731   cla      o5d079   K15VH3B  
  43.171189   0.019965    1.768    1.169     43.86    244.78   321.646    40.157    44558.038   cla      o5d081   K15VH0Y  
  45.863269   0.077852    1.501    1.134    52.143   242.176   332.872    48.793    50695.837   cla      o5d082   K15VH2M  
  43.532166   0.032236     2.09    0.259    86.339    23.305   273.159   252.665    43638.519   cla      o5d083   K15VH2X  
  43.431514   0.021937    2.924    3.189   162.965   115.364   280.281   245.054    66357.516   cla      o5d084   K15VH2F  
  43.021812   0.010177    1.688    2.582   169.317   139.165   203.126   154.129    46874.938   cla      o5d085   K15VH3A  
  43.610134   0.019431    2.605    0.792    89.222    17.161   314.669   302.655    55422.056   cla      o5d087   K15VH1U  
  43.102902   0.025952    3.004    1.756   113.491    70.918   221.516   184.123    36587.817   cla      o5d088   K15VH1Y  
  43.071177   0.036884    2.287    0.354    81.091     9.512   244.022   235.976     34179.35   cla      o5d089   K15VH3C  
  42.712996   0.032173    1.846    0.908    48.954   245.231    104.77   193.032    85404.312   cla      o5d091   K15VH0U  
  45.825284   0.071709   27.893   29.094   229.672   137.817   147.756    145.39    48023.722   cla      o5d092   K15VG4D  
  42.571792   0.164806   20.027   21.893   226.062   154.971   286.856   284.287    81188.021   cla      o5d093   K15VH2V  
  43.213061   0.028882    0.911    1.493    31.023   207.843   294.399    36.621    33626.971   cla      o5d094   K15VH0V  
   44.59774   0.073923    2.329    2.351   158.382   112.309    318.01   274.705    75244.421   cla      o5d095   K15VH3L  
  44.426954   0.054319    3.593    2.065    67.534   321.332    45.021    62.658    74354.616   cla      o5d096   K15VH1C  
  43.253853    0.00535    2.351    2.309   146.147   112.867   158.116   110.031    26985.069   cla      o5d097   K15VH1W  
  44.335292   0.040823    0.989    2.537   221.921   163.642    246.58   216.691    73547.886   cla      o5d098   K15VH2T  
  45.186968     0.1221   13.289   11.898    59.495   323.547   272.899   277.254    37587.592   cla      o5d099   K15VH1Q  
  42.595197   0.018799    6.109    4.139    59.147   338.046     174.7   181.995       7481.3   cla      o5d100   K15VH1G  
  43.277147   0.039526    1.612    0.902    53.147   238.168   255.392   348.853    29113.628   cla      o5d101   K15VH0R  
   43.41715    0.12394    8.626   10.193   226.431   149.931    84.378    78.124    32716.546   cla      o5d102   K15VH2O  
  45.346171   0.039032     1.75    0.076    92.463     4.223   339.007   334.968    63627.511   cla      o5d103   K15VH2Y  
    43.7937    0.03518    0.961    1.179    49.226    208.66    96.773   212.092    84339.698   cla      o5d104   K15VH2Q  
  43.431475   0.026035    1.157    3.005    249.83   175.048    37.951    29.948    22337.623   cla      o5d105   K15VH0T  
  44.149129   0.077208     2.95    1.197    82.417    348.04   228.488   235.629    30383.753   cla      o5d106   K15VH1S  
  43.705564   0.058755   11.688   10.056    60.282   331.334   238.185   242.506    26914.695   cla      o5d107   K15VH3K  
  43.038849   0.035817    2.212    0.318    84.045    35.141   151.257   120.862     7521.722   cla      o5d108   K15VH2Z  
  43.138056   0.067176    5.127    3.283     67.26   339.422   107.095   114.676    90937.694   cla      o5d109   K15VH1K  
  43.569789   0.027873    4.209    2.452    97.131    23.311   159.968   149.979    13406.562   cla      o5d110   K15VH3R  
  44.166666   0.066453    2.883    1.116    87.665     0.865    67.105    66.574    86611.429   cla      o5d111   K15VH3G  
  42.722706   0.051174    5.284    3.261    79.103     5.671   144.573   142.396   106721.265   cla      o5d112   K15VH3N  
  46.659301   0.066506    2.647    1.973    48.571   274.596    63.409    100.83    74875.168   cla      o5d113   K15VH0X  
  44.250333   0.086742     4.19    2.832    56.698   310.302   248.742   267.423    28560.399   cla      o5d114   K15VH0Z  
  43.719887   0.030958     2.63    0.812     86.84     6.632    136.88   132.291   108126.266   cla      o5d116   K15VH1N  
  45.166734   0.066019    5.659     6.62   209.659   130.973   107.743    94.734    31072.265   cla      o5d117   K15VH1R  
  44.717917   0.087277    1.762    0.266    81.205   275.457   225.487   301.384    28940.064   cla      o5d119   K15VH3E  
  45.758865   0.039598    1.038    2.522   231.971   164.095    99.449    73.603    33758.141   cla      o5d120   K15VH0W  
  43.922765   0.054225    2.432    3.209   183.671   131.297    95.601    61.919    20276.692   cla      o5d121   K15VH3M  
  43.823329   0.066751    3.699    2.091   105.313    36.948   178.828   161.737    22028.351   cla      o5d122   K15VH2E  
  43.865259   0.067177    2.878    2.846   156.383   107.367    20.504   343.792    92554.846   cla      o5d123   K15VH2H  
  45.589245   0.133466   11.815     12.7   212.045   125.384    97.575    90.951    30873.803   cla      o5d124   K15VH3S  
  44.358855   0.041054    1.485    0.372     97.62   139.504    99.309   329.152   100765.748   cla      o5d125   K15VH2W  
  45.444416   0.033488    1.592    0.347    80.699   251.448    82.116   178.743    91226.375   cla      o5d126   K15VH2R  
  44.013576   0.087374    3.429    2.144   118.826    58.674   164.072   137.671    21927.095   cla      o5d127   K15VH2G  
   43.38753   0.067142    2.292    0.491    89.552    35.306   125.837     97.64   104614.849   cla      o5d128   K15VH3F  
  43.885748   0.055932    3.423    1.942   110.599    47.643    99.498    76.627   104145.539   cla      o5d129   K15VH3P  
  43.312315   0.153314   22.648   20.989    54.484   330.408   117.487   119.908    88518.932   cla      o5d130   K15VH3J  
  43.816393   0.079197    2.389    0.584    83.597   352.635   171.556   177.126    12902.988   cla      o5d131   K15VH1B  
  43.983217   0.089078    1.826    0.162    81.367   281.185   111.368   185.195    97361.243   cla      o5d132   K15VH1E  
  43.998766    0.10122    2.044    0.259    85.932   355.958   100.656   104.187    94867.435   cla      o5d133   K15VH1M  
  46.848144   0.043831    1.599    0.516   115.696   100.117    30.236   308.655    86562.246   cla      o5d134   K15VH1L  
    44.1965   0.071842    1.746    1.116    50.391   250.588   207.533   279.872    13054.386   cla    o5d135PD   K04VD1B  
  45.625735   0.051375    2.022    1.438    48.612   261.226   223.323    277.47    15475.273   cla      o5d136   K15VH2N  
  44.293163   0.086208    2.826    1.575   117.986    63.894    89.519    55.633   103080.398   cla      o5d137   K15VH1Z  
  45.212774   0.106281    6.566    7.292   200.927   121.662    79.725    67.106    20497.168   cla      o5d139   K15VH1X  
  46.259304     0.0488    0.592    1.685   180.466   159.506    86.846    12.457     12822.91   cla      o5d140   K15VH2S  
  45.355308   0.144184    3.475    4.778   225.481   147.945    50.655    35.842    19854.848   cla      o5d142   K15VH2P  
  46.739309   0.139412    4.071    2.489   105.243    13.846   138.502   133.066     4733.989   cla      o5d143   K15VH2C  
  45.175817   0.181681   27.491     28.6   221.623   132.348    353.46   350.763    52667.321   cla       o5m32   K15KH6B  
  42.128501   0.106877    9.355    7.818   108.222    53.684   138.944   127.529    60389.442   cla       o5m34   K15KH5B  
  45.442556   0.161168   19.273   17.742    70.214   335.612   146.109   148.196     53343.82   cla       o5m37   K15KH5V  
  42.945949   0.103071   13.022   11.145    94.366    18.814   161.086   158.271    61716.325   cla       o5m39   K15KH5Q  
  40.283508   0.070826   17.585   15.296   216.238    24.124   315.408   312.056    41903.761   cla       o5m41   K15KH5H  
  46.004189    0.18562   26.236   27.206   219.482   127.585     58.26     55.32    66378.048   cla       o5m42   K15KH5D  
  41.967208   0.104855   11.034   13.015   204.881   148.739    85.527     79.01     69393.24   cla       o5m43   K15KH6C  
  46.276199   0.148054    6.352     4.88   117.364    29.113   115.561   108.384    56744.054   cla       o5m44   K15KH5W  
  46.135772   0.151975   11.513    9.903      85.8   349.368    178.14    179.65    63549.143   cla       o5m46   K15KH6D  
   45.21637   0.181499    8.605    8.696   179.371     98.62   347.787   336.606    41824.741   cla       o5m50   K15KH5F  
  40.368908   0.086383   31.003     32.6    68.881   228.357    57.956    61.551     32151.84   cla       o5m51   K15KH5O  
  45.735173   0.121787    7.222    6.451   149.888    68.492   123.704   111.381    66883.536   cla       o5m53   K15KH5E  
  44.809564   0.127552    8.637    7.658   140.528    60.114   151.621   141.703    71629.095   cla       o5m56   K15KH5L  
  43.334684   0.072315    8.772    9.049   174.469   104.361   121.932   109.883    73446.603   cla       o5m59   K15KH5A  
  43.930046   0.048224    7.065    7.319   177.088   105.141    99.184    84.961    68517.148   cla       o5m62   K15KH5U  
  46.474915   0.081091    8.251    7.126   137.874    50.528    83.146    74.399    53661.693   cla       o5m64   K15KH5M  
  44.826889   0.125153   10.615   11.014   189.414   107.817   123.145   114.282    76172.387   cla       o5m65   K15KH5P  
  44.517875   0.049318    7.676    8.437   199.387   121.424    80.367    69.225    68789.755   cla       o5m66   K15KH5Y  
   45.30139   0.068557    7.125    5.484   102.418    13.421    78.418     75.28    42767.289   cla       o5m68   K15KH5T  
   43.46603    0.07609     7.33    7.382   167.416    98.817   314.039   299.477    26098.888   cla       o5m73   K15KH5G  
  45.285244   0.104266    7.691    6.067   104.957    16.418    38.698    35.154    33519.573   cla       o5m74   K15KH5S  
  44.294459    0.14402    6.198    5.893   159.869    88.279   177.642    161.18    82979.063   cla       o5m75   K15KH6A  
  46.224555   0.209836   29.792   28.372    66.499   329.827   264.101    265.75    80807.857   cla       o5m76   K15KH5C  
   45.68146   0.072032    5.896    4.544   123.739    40.843     9.472   358.875    27659.336   cla       o5m77   K15KH5X  
  45.144517   0.142982    8.827    8.268   156.958    76.025   317.372   306.648    25581.884   cla       o5m80   K15KH5K  
  42.922417   0.116125   39.451   37.562    61.662   342.905     7.257      8.17    13195.675   cla       o5m81   K15KH5J  
  47.278648   0.121956   12.766    11.18    93.475   354.355   249.113   249.822     88614.32   cla       o5m82   K15KH5N  
  44.072938   0.101703   15.626   16.641   209.112   127.316   158.717   153.463     92964.06   cla       o5m83   K15KH5R  
  46.944186   0.194351   18.674   17.229     72.81   333.223    316.97   319.227   105517.473   cla       o5m87   K15KH5Z  
  41.855659   0.147566   17.416   15.375    28.309   323.034    217.54   222.521    66120.803   cla      o5p029   K15G58A  
  41.730588   0.170947   30.188   32.259   202.442   147.845   301.622     299.0    45222.971   cla      o5p031   K15G56P  
  40.058966   0.083414   17.778    20.17    25.761   194.175    243.54   245.526    72408.277   cla      o5p035   K15G56L  
   45.27295   0.170179    4.456    3.881    32.571   278.741   216.039   237.912    66519.324   cla      o5p040   K15G57P  
  43.984538   0.109574    4.429    3.179    49.714   303.771   174.536   194.156    62199.817   cla      o5p041   K15G58B  
  44.030127   0.094714     2.38    1.274    54.894   280.973   152.124   199.451    57622.182   cla      o5p044   K15G57K  
  42.886475   0.075704     4.57    2.817    56.295   323.856   175.488   190.323    63472.409   cla      o5p045   K15G59B  
  45.633116   0.180837   14.365   14.594   188.045   101.122   316.985   310.415    44454.214   cla      o5p047   K15G57X  
  42.757315   0.060993    5.019    3.478    43.941   309.957   184.501   202.477     62862.98   cla      o5p050   K15G58Z  
  42.991146    0.06947    2.468    0.558    73.033   333.635   168.401   189.007    65926.715   cla      o5p052   K15G59F  
  44.008686   0.081428     2.34     0.56    88.481     8.316   129.949   123.615    60633.191   cla      o5p053   K15G58R  
  43.952579   0.082223    3.127     1.34    83.636    354.04   143.632   147.043    63355.433   cla      o5p055   K15G58F  
  44.126249   0.079469     2.38    0.834    71.139   308.255   121.604   157.376    54931.774   cla      o5p056   K15G57U  
  42.654276   0.046178     2.83    1.131     55.08   302.959   160.474   197.936    60616.717   cla      o5p058   K15G56N  
  44.206468   0.076769    1.481    2.244   174.609   138.755    40.287   348.588    59874.469   cla      o5p059   K15G57C  
  43.895415   0.077717    1.938    0.967    56.155   263.178   184.282   251.413    66541.683   cla      o5p061   K15G57A  
  44.344853   0.101501    4.031    2.721    55.774   307.436   197.857   218.025    68950.725   cla      o5p062   K15G59A  
  43.143128    0.04234    1.822    1.028     48.58   248.815   163.319   242.775    58954.278   cla    o5p064PD   K15HJ6Z  
  43.091272   0.052638    0.036    1.897    66.157   180.257   179.284   345.361    68555.646   cla      o5p066   K15G56E  
  43.724689   0.072896    3.911     2.12     77.14   345.728   173.702   180.297    69123.997   cla      o5p067   K15G58X  
  43.920218   0.067544    2.286    0.535    92.051    26.735    68.557    47.866     46562.48   cla      o5p069   K15G57T  
  43.519036   0.086709    3.528    2.894    28.463   273.469   108.741   140.349    40864.225   cla      o5p070   K15G56G  
  44.995731   0.108567    0.921    0.971   117.996   154.457   140.442    13.003    70240.643   cla      o5p071   K15G57Q  
  43.437722   0.046522    2.558    1.429    49.566   281.063   188.435   234.132    66386.235   cla      o5p072   K15G56U  
  43.579714   0.080702    3.259    1.422    86.714     6.543   178.859   175.165     73356.88   cla      o5p074   K15G58D  
  42.963088   0.047975    2.295    0.372    73.979   330.966    65.243    89.765    40691.168   cla      o5p075   K15G57V  
  43.811492     0.0489    2.005     2.13   153.059   119.453    81.875    30.088    65929.589   cla      o5p076   K15G56M  
  43.875937   0.068556    2.188    1.243   120.373    90.002   140.898    85.502    71959.583   cla      o5p078   K15G58T  
  47.177446    0.17451    7.759    7.615   177.068    90.738   326.299   314.393    42659.734   cla      o5p079   K01FJ3H  
  44.367794   0.059253    1.977    1.476   134.509   104.846   105.755    47.086    66826.724   cla      o5p080   K15G58L  
  43.499612   0.029099    2.188    0.333    82.986   357.997   126.966   128.664    58946.751   cla      o5p081   K15G58H  
  42.682468   0.010477    1.655    1.496    28.759   233.105   204.307   284.918    65794.214   cla      o5p082   K15G56F  
  42.950626   0.016162    2.626    2.221    22.703   257.437   224.803   271.749    68788.773   cla      o5p083   K15G57E  
  44.320626    0.07756    2.058    2.052    23.479   244.963   119.567   170.023    41179.138   cla      o5p084   K15G56X  
  45.922022   0.111322    1.453    0.239    88.908    214.52   166.448   306.583    70589.215   cla      o5p085   K15G56V  
  43.111256   0.015143    1.247    0.874    59.672   209.745   112.403   242.318    47839.375   cla      o5p086   K15G57L  
  44.526675   0.064921    2.914    2.313   141.563    88.979     7.466    330.98    42123.488   cla      o5p087   K15G58Y  
  45.707112   0.062377   11.308   10.766    26.637   285.079   167.486   175.657    54713.026   cla      o5p088   K15G56T  
  42.786579   0.030444    3.546    1.541     79.01     5.952   218.847   215.476    83363.868   cla      o5p089   K15G58E  
  43.353595   0.046327     5.26    3.626    58.064   323.703   226.253   238.482    78540.212   cla      o5p090   K15G59H  
   44.93409   0.045335    1.175    0.547    84.605   193.258   110.717   271.335    54285.019   cla      o5p091   K15G57N  
  46.317384   0.082288    2.799    2.092    47.601   276.865   125.791   161.032    48792.719   cla      o5p092   K15G57D  
  43.171089    0.03208    12.58   13.547   197.278   123.826   281.135   273.812    32887.556   cla      o5p093   K15G59E  
  44.035382   0.068574    3.223    2.088    49.879   292.558   231.849   262.558    77559.973   cla      o5p094   K15G57M  
  43.907891   0.068513    1.138    1.838   159.658   143.522   123.968    54.154    78200.767   cla    o5p095PD   K00F08G  
   46.67204   0.161086    0.811    1.714    13.634   208.005   262.585   331.605    74582.456   cla      o5p096   K15G57F  
  45.631125   0.068163    3.415    1.757    93.908     1.223   149.536   148.942    68159.814   cla   o5p098PDp   K05EU4O  
  45.617057   0.067574    3.414    1.756    93.926     1.353   149.246   148.589      68090.7   cla   o5p099PDs   -------  
  45.316115   0.119333    3.563    2.354    58.716   303.464   218.328   241.438     75954.79   cla      o5p100   K15G58J  
  44.269844   0.044617    4.264    4.092   160.302    96.573   342.363   318.187    40218.504   cla      o5p101   K15G58O  
    43.3242   0.031499    1.328    0.557    82.054   179.697    33.085   213.515    32180.518   cla      o5p102   K15G57J  
  43.807267   0.067701    3.631    2.638    41.612   288.004   245.259   273.568    80056.455   cla      o5p103   K15G56J  
  42.960454   0.018256    2.117    0.199    81.999    41.046    249.04   211.525     92637.14   cla      o5p104   K15G58V  
  44.238985   0.064625      3.7    2.274    60.792   312.635   218.672   239.163    78051.166   cla      o5p105   K15G57Z  
  43.772827   0.054521     2.83    1.056    92.411     19.86   195.919   183.337    80349.082   cla      o5p106   K15G58M  
  46.788531   0.163797    7.554    6.674    45.387   297.586    86.523    97.434    39013.003   cla      o5p107   K15G59G  
  42.842026   0.020275    1.355    1.771   137.419   138.333   231.578   153.536    103617.17   cla      o5p108   K15G57H  
  43.234166   0.018592    0.595    1.338    96.571   173.212   242.564    84.763     96030.97   cla      o5p109   K15G56S  
  43.388988   0.033478    1.977    1.763   136.882   114.209   184.632   124.828    89532.521   cla      o5p110   K15G59C  
  46.671407   0.124246    2.814    2.397     154.9    93.168   338.624   303.703     39025.56   cla    o5p111PD   K01FJ3E  
   43.26388    0.06472    1.509    0.592     96.62   138.058    221.19    98.328    87743.593   cla      o5p114   K15G58S  
  45.105181   0.097919    4.459    4.683   178.336    108.01   111.821    90.691     80411.59   cla    o5p115PD   K00F08F  
  46.611452   0.061757   10.959   10.541    25.501   280.839   132.504   140.877    44196.319   cla      o5p116   K15G56O  
  43.953228   0.056352    1.686      1.0    52.929   247.589    44.952   124.116    26803.079   cla      o5p117   K15G57R  
   44.11539   0.025346     2.93    1.188    93.865    16.962   349.286   339.117    22625.221   cla      o5p118   K15G58C  
  43.186372   0.037387    1.095     1.76   145.905    145.61   224.711   144.262   104183.408   cla      o5p119   K15G57O  
  43.887933    0.07204    2.311    0.767   101.921    56.691   347.544   306.947    26303.475   cla      o5p120   K15G57Y  
  44.081049   0.091647    5.576    6.105    185.68   115.451    270.64   253.897     28178.77   cla      o5p122   K15G58K  
  44.143061   0.033511    1.263    1.323    38.943   225.422    37.502   123.829    20309.498   cla      o5p123   K15G56R  
  44.923397   0.049957    3.833    3.242   147.858    83.293   148.217   122.045    84400.524   cla      o5p124   K15G57W  
  45.392399   0.127488   12.256   11.415    36.065   296.722   262.333   269.381    81934.815   cla      o5p126   K15G58W  
  44.122829   0.066961    0.746    1.073    71.316   190.901    19.552   172.865    25448.121   cla      o5p127   K15G56Z  
  43.346599   0.048029     0.77    1.461     35.72   202.443     321.9    73.076   100668.809   cla      o5p128   K15G56Y  
  44.162236   0.071533    1.253    1.607   148.831   136.727   174.339    99.118     90424.62   cla      o5p129   K15G57B  
  45.317068   0.105025     1.64    1.737   155.378   122.588   308.591   249.186    30119.286   cla      o5p130   K15G56W  
  43.985702   0.043679     1.83    0.123    90.026    71.556   278.684   210.781   106441.843   cla      o5p131   K15G57S  
  45.085222   0.044267    4.328    4.154   164.111    95.623   167.098    144.21    94323.654   cla      o5p132   K15G59J  
  44.040631    0.06245    1.186    2.038   170.911   144.617   195.686   135.291   104402.807   cla      o5p133   K15G57G  
  44.263544   0.079149    2.751     1.01    83.186   347.308   263.996   272.065    97939.758   cla      o5p134   K15G58U  
  42.986231    0.10481   18.135   17.057    24.696   300.797   333.899   339.306    100135.36   cla      o5p135   K15G56Q  
  44.165098   0.065749    1.975    0.213    85.855    346.28   290.906   303.159   108543.457   cla      o5p136   K15G58G  
  44.530319   0.107015    2.071    2.749   181.211   131.161   148.519   109.488    92709.642   cla      o5p137   K15G56K  
  44.034885   0.072198    2.614    1.267    61.073   297.079   326.777     4.149     4999.328   cla      o5p138   K15G58P  
  46.190837   0.234329   37.472   37.961   201.559   108.448   250.608   248.064     30416.43   cla      o5p139   K15G56H  
  44.981653   0.082986    3.057    2.156    47.822   284.395      9.69    42.231    14482.625   cla    o5p140PD   K05EU2N  
  44.691188   0.088383    3.194    1.906    59.888   303.492   348.239    14.915    10468.858   cla      o5p142   K15G59D  
  45.648501   0.127597    2.082    0.653   108.674    57.485   245.587    203.43   101515.129   cla      o5p143   K15G58Q  
  46.063103   0.105036    3.061    1.784   122.499    53.091   263.152   237.825      971.754   cla      o5p144   K15G58N  
  43.850577   0.169621    2.373    4.139   281.301   188.933   123.745   130.525    64326.192   cla       o5s21   K15RS1O  
  46.161553    0.22164    8.482    9.073   348.832   243.925    60.381    70.373    65061.711   cla       o5s22   K15RS1G  
  42.782747   0.117718   10.693   10.445   358.777   271.685     4.045    14.942    56089.055   cla       o5s23   K15RS0V  
  41.344404   0.112328   17.483   19.735   199.361   156.877   110.577   107.338    44083.852   cla       o5s26   K15RS1D  
  40.298672   0.046592   24.911   22.434   194.879   359.083   129.829   129.923    46373.031   cla       o5s28   K15RS1L  
  41.396479   0.045191   34.929   36.945   190.546   145.457   177.651   175.198    57734.851   cla       o5s29   K15RS0O  
  41.476732   0.073047   33.327   35.303   191.209   143.978   120.919   118.268    44369.178   cla       o5s30   K15RS0R  
  46.697461   0.203484     5.52    6.175   350.138   238.998    71.095    85.612    68742.854   cla       o5s32   K15RR7J  
  41.282309   0.032129   32.043   34.172   192.017    150.22   165.468   163.149    54994.247   cla       o5s33   K15RS0S  
  46.395603   0.160472   24.307   24.614   194.923   102.659   128.045   124.195    46303.271   cla       o5s35   K15RR7C  
  43.257925   0.053454    2.206    4.055   279.008   189.495    86.813    94.972    56249.029   cla       o5s36   K15RS1B  
  43.965842   0.136063   11.907    12.81   202.973   123.774    98.207    90.978    41403.668   cla       o5s37   K15RS0Z  
  42.731716   0.047961    9.108    9.048   353.771   265.344    57.134    69.998     68066.97   cla       o5s38   K15RS1A  
  44.310175   0.075014    2.276     3.67   317.162   207.975    120.55   141.726    74977.796   cla       o5s40   K15RS1K  
  46.342692   0.139286   17.121   17.395   358.484   257.721    62.615    68.017    70068.849   cla       o5s41   K15RS0Y  
  42.958711   0.014298   12.089   13.068   194.452   123.647   216.633   208.805    69961.678   cla       o5s45   K15RR7G  
  45.083621    0.06562    3.477    4.434   337.669   225.948     72.97    93.429    69310.999   cla       o5s46   K15RS0L  
  45.574017   0.059652    3.638    5.204   249.684   163.871   125.349   118.059    59645.914   cla       o5s47   K15RS0M  
  41.395166   0.050936   10.893   13.118   198.272   156.378    28.649    23.391    20230.017   cla       o5s48   K15RS0T  
   44.01661   0.043623    2.088    3.508   316.751   207.226   113.379   136.388     74544.62   cla       o5s49   K15RS0Q  
  45.415436   0.093653     3.48    4.879   232.563   152.716    44.364    31.652    32600.347   cla       o5s51   K15RS0P  
  43.627173   0.044888     6.48    6.965   346.539   247.283   198.242   213.414   109421.437   cla       o5s53   K15MF0L  
  45.856836   0.157258    8.511    9.105   347.947   243.978   122.054   132.102    82859.454   cla       o5s54   K15RS1E  
  46.931595   0.172673    4.812    5.553    348.08   234.899   115.808    131.65    81246.392   cla       o5s55   K15RS1H  
  46.066921   0.016966    4.385    5.454   331.596   222.346   280.104    294.68    20397.225   cla       o5s56   K15RS1C  
  41.356542     0.1398   32.358   34.429   191.578   147.733    19.462    16.991    16921.722   cla       o5s57   K15RS0W  
  41.366741   0.126217   19.681   21.839   195.154   152.161   354.532   351.096     9837.658   cla       o5s58   K15RS0N  
  42.530769   0.128199   40.361   41.524   195.569   124.705    322.97    320.31     96539.32   cla       o5s60   K15RS1N  
  44.942197   0.117225    3.023    4.722   273.002   181.434   320.896   321.703    18073.136   cla       o5s61   K15RS1P  
  47.037342   0.115557    2.189    3.653   246.451   161.871   236.507   223.355    90776.724   cla       o5s62   K15RS0U  
  43.928937   0.134472   22.585   23.212   194.516   112.444    23.565    19.244    15444.418   cla       o5s63   K15RS0X  
  45.800013   0.150937   10.528   10.874   356.037   253.644   249.558   258.252     22567.67   cla       o5s64   K15RS1M  
  46.095039   0.175849    7.496    8.035   351.366   245.197   150.976   162.432    93926.099   cla       o5s66   K15RS1F  
  46.131138   0.175338   10.871   11.191   357.772   254.611   225.144   233.527    13948.269   cla       o5s67   K15RS1J  
  44.788508   0.175179   17.755   18.193     192.4   107.354   133.379   128.016    47849.064   cla       o5t16   K15RR9Y  
  42.977698   0.086688   20.206   19.581      9.81   286.024   351.029   356.487     54969.54   cla       o5t18   K15RS0F  
  42.848904   0.111638   15.509   14.976     6.214   281.973   308.665   315.972    45382.918   cla       o5t19   K15RR9N  
  42.631343   0.055064    1.909    3.853   226.762   166.727   123.891   109.556    52328.536   cla       o5t20   K15RS0G  
  46.215536    0.13212    5.089    5.511   358.886    246.63    41.458    58.583    64967.972   cla       o5t23   K15RR9U  
  44.953035   0.106538    2.398    3.788   225.338   153.165   179.488   160.831    65817.353   cla       o5t24   K15RS0H  
  43.287838   0.047137    0.461    2.101   330.744   191.834     19.33    76.625    52082.026   cla       o5t25   K15RS0C  
  43.171971   0.042632   16.024    15.64     5.458   278.243    23.361    30.242    62280.151   cla       o5t26   K15RR9X  
  43.908403   0.079004    1.499    3.232   243.259   169.695    73.751     61.37    43810.227   cla       o5t27   K15RR9W  
   45.46821   0.139011    1.465    3.122   281.915   184.306    26.283    31.183    42418.517   cla       o5t28   K15RR9V  
  44.071036   0.061603    1.926    2.259    11.771    235.47   321.457    10.953    48209.983   cla       o5t29   K15RR9P  
  43.790469   0.072712     2.17     3.39   201.666   145.009   112.658    84.048    42910.347   cla       o5t30   K15RS0B  
   44.38549   0.083882    0.958    2.352   330.386   201.078   343.555    24.483    43963.221   cla       o5t31   K15RO5T  
  43.791251   0.035099    2.209      2.5     9.034   239.095   318.171     2.903    45664.272   cla       o5t32   K15RR9T  
  44.206582   0.033104     0.46    2.193   290.691   184.733    88.699   107.129    61276.588   cla       o5t33   K15RR9L  
   46.74618   0.170748    2.929    3.763   348.386   227.614   306.831   330.797    39385.368   cla       o5t36   K15RR9Q  
   44.21083   0.083251     0.83    2.591   262.853   178.495     21.87    18.674    35037.414   cla       o5t37   K15RR9R  
  45.354067   0.066792    1.457    2.718   331.948   207.562   339.855    11.953    41081.445   cla       o5t38   K15RS0J  
  45.492119   0.062713    0.531    1.615    17.399    198.55    44.536   130.596    72726.821   cla       o5t39   K15RR9O  
  44.165219   0.039113    0.717    2.413   297.849   188.685   238.668   260.515   106871.661   cla       o5t40   K15RR9S  
  44.310073   0.043379    0.997    1.983     0.222   210.167    220.39   282.423    13325.614   cla       o5t41   K15RS0E  
  44.648511   0.108996    1.491    1.995    13.183   226.593   241.095   298.143    25781.206   cla       o5t43   K15RS0D  
  43.559724   0.070802    3.566    4.023   353.443   242.455   218.758   246.081    12311.498   cla       o5t44   K15RR9Z  
  44.106759    0.06404    0.156    1.748     9.007   185.009   169.847   266.826   108397.523   cla       o5t45   K15RR9M  
  44.850951   0.095994    1.968    2.761   353.231   225.023   205.988   243.825     5916.475   cla       o5t49   K15RS0A  
  45.404657   0.062657    23.82   23.718     7.868   271.594   233.651   237.788     18832.64   cla       o5t58   K15RS0K  
  42.664194    0.01374    1.272    0.865    88.444   159.729   277.807   131.703    63370.416   cla      K02O20   K02PH0V  
  44.884435   0.074492    3.933    4.807   339.814   229.952   205.824   225.207     10814.17   cla      K02O32   K02PH0W  
  43.013603   0.030375    3.017    1.703   110.815    68.838   124.935    87.851    26963.118   cla      K02O40   K02PH0Y  
  44.701614   0.058885    3.574    4.531    336.73   226.555   308.761   329.197    40636.179   cla      K02O43   K02PH1C  
  42.653669   0.041347     1.57     1.44   119.105   130.235   112.033    26.216    26449.539   cla      K02P32   K03QB3Z  
   44.34481   0.075723    2.511    1.089   109.599    57.256    34.351   358.478    104788.29   cla      K02P41   K02PH1A  
  47.196094    0.22387   29.525   29.822   197.544   102.111   265.169   262.002    30420.334   cla       L3h04   K03H56X  
  42.603511   0.036813    2.578    1.599     35.62   268.365   247.517   300.846    75954.552   cla       L3h05   K03H56Y  
  44.046269   0.071521    1.038    2.713   234.051   168.083    46.116    25.375    74897.734   cla       L3h09   K03H57C  
  44.038284   0.087995    1.436    1.335    39.091   232.537   146.335   226.247     49886.44   cla       L3h13   K03H57H  
  43.612247   0.032259    2.098    1.611    36.306   254.636   227.668   285.277    70706.911   cla       L3h18   K03H57G  
  44.172946   0.099792    8.863    8.649     9.996   271.229   168.644   180.183     47640.75   cla       L3h20   K03H57E  
  42.618486    0.09616      1.8    3.659   291.666   197.433     1.903    21.985    44885.512   cla     L3q02PD   K01QT8B  
  46.240214   0.143316    3.703    4.852   328.776    217.86   134.523   150.201    92130.805   cla     L3q04PD   K02PH0T  
   44.09413   0.039735    2.151    2.429    162.72   120.847    295.42   250.306    90024.196   cla     L3q06PD   K01QT8J  
  44.149407   0.027473    0.911    2.666   279.566   184.184    110.48   118.623    69926.833   cla     L3q09PD   K01QT7X  
  42.499691   0.042082    1.497    3.424    215.48   164.768    87.866    66.169    38099.315   cla       L3s01   K03SV7N  
  42.628892   0.079517   28.568    29.06   176.307   105.625   192.923   188.772    56311.358   cla       L3s03   K03SV7Q  
  44.539192   0.102684     1.66    3.384   276.844   183.797   234.907   238.868    75155.014   cla       L3w02   K03T58G  
  44.601729   0.137024   19.393   17.809    66.912   335.506     65.02    67.175    68371.714   cla       L3w04   K03YH9O  
  41.670036   0.145614   19.605   22.006   250.163   193.483   286.088   287.809    78004.899   cla       L3w05   K03YH9K  
  44.403546   0.086433    0.954    1.367    37.209   212.987    11.936   107.692    47264.575   cla       L3w08   K03T58J  
  45.171151   0.104183    1.577    0.566     72.01   249.402   333.631    64.609    46336.764   cla       L3w09   K04XJ0X  
   43.54218   0.045554    7.738     9.57     255.2   173.207   226.304   224.681    66042.257   cla       L3w10   K03T58L  
  43.077562   0.064746    3.355     1.52    67.434   332.082   207.574   223.251     8606.235   cla       L3w11   K03T58K  
  43.581905      0.044     4.85    3.343   112.129    43.337    55.745    40.623    68115.654   cla       L3y01   K03YH9X  
  46.748788   0.159734    4.855    3.545   126.462    42.549   326.031   313.057    48578.326   cla       L3y03   K03YH9U  
  43.584991   0.022311    3.727     1.89    86.563     5.257   129.768   127.172      83031.2   cla       L3y05   K03YH9S  
  47.100586   0.222043   15.569   14.009   109.887    13.309    67.759    66.388    67523.448   cla       L3y09   K03YH9V  
  43.719581   0.048039     7.75    8.353   187.908   115.299    43.279    30.974      60818.0   cla     L4h01PD   J93F00W  
  43.887907      0.078    1.946    0.567    68.976   276.408   181.504   248.264    64323.724   cla       L4h12   K04H79K  
  42.108694    0.07351   16.757   18.506   202.495   141.772   313.366   308.424     40644.89   cla       L4h16   K04H79L  
  44.316254   0.098046    3.089     1.68    62.816   308.352   162.916   189.334    53080.915   cla       L4j01   K04H79E  
  43.269131   0.025466    1.484    0.435     76.66   196.598     190.8   349.402    64247.339   cla       L4j02   K04H79F  
  44.199894    0.02298    3.595    2.277    56.314     305.2   182.834   206.479    56531.438   cla       L4j03   K04H79G  
  46.398509   0.160639    1.446    0.745    68.459   242.987   156.503   246.206    52349.318   cla       L4j05   K04H79C  
  45.940983   0.032046    1.305    1.606    159.19   132.646   230.953   163.164   103621.256   cla       L4j07   K04H79D  
   43.25925   0.060099     8.61   10.154   222.345   147.671    99.221    92.428     77460.66   cla       L4j10   K04H79H  
  44.961294   0.060941    0.317    1.532   144.489   170.406    93.482   336.724    54728.863   cla       L4j12   K06J58V  
  44.359851   0.049814    1.178    2.863   292.435   189.698   258.106   272.577    43096.423   cla       L4k02   K04K19E  
  44.122544   0.063475    0.108    1.828   327.413   182.943   278.068   335.436     57567.58   cla       L4k03   K04K19F  
  43.272025   0.021635    0.963    2.724   298.892   192.407   275.699   300.706      49274.8   cla       L4k04   K04K19G  
  42.388028    0.14267    4.485    6.603   238.057   171.522   218.956   214.894    19445.363   cla       L4k10   K04K19K  
  40.771605   0.117209    35.23   37.502   232.957   202.803   225.437   227.101    21298.918   cla       L4k12   K04K19H  
  46.238529    0.12464    7.035    8.397   238.491   149.852   253.402   246.705    25871.609   cla       L4k13   K06J58U  
  45.580328   0.131303    2.294    1.578    49.643   270.179   155.878   202.261    46405.873   cla     L4k15PD   K03L07B  
  46.967058   0.235428   24.421   25.653   236.614   141.302    46.521    44.097    63402.637   cla       L4k17   K04K19J  
  41.470909   0.105883    20.22   22.669   238.399   188.197    36.968     37.99    62529.739   cla       L4k19   K05JI6B  
  43.120301   0.041955    2.239    0.406    87.239    43.228    26.486   350.386     3955.289   cla       L4m03   K04M08T  
  47.234126   0.175028   27.205   25.647   110.244    12.631   193.074   192.311    55715.866   cla       L4m04   K04M08V  
  44.856425   0.081796     3.58    2.049   109.745    35.296   336.428   320.436    99552.576   cla       L4n04   K04M08U  
  42.983289    0.04115    1.238    2.099     0.123   215.329   194.781   260.883    22382.759   cla       L4p01   K04PB7T  
  42.817224   0.014613    1.874    1.754    23.106   239.454   336.275    43.147    67635.066   cla       L4p02   K04PB7U  
  46.068915   0.153431    4.324     5.44   329.217   220.339   314.285   328.481     47460.46   cla       L4p03   K04PB7V  
  43.620105    0.06023    1.862    0.094    81.353   284.758    72.886   145.343     8593.727   cla       L4p05   K04PB7W  
  43.835336   0.083322    1.547    0.721   108.746   122.206   125.789    26.812     33162.36   cla     L4p06PD   K01QT7Y  
  44.282728   0.064421    1.856    2.122    15.978   236.253   258.683   310.529    43125.412   cla     L4p08PD   K01QT7Z  
  44.260877   0.099653    3.747    2.448   120.092    54.815    73.199    50.646    20334.037   cla       L4p09   K04PB7X  
  43.030054   0.114461   23.863    22.83   135.276    59.895   114.532   110.367    37667.401   cla       L4q03   K04Q29D  
  40.877929   0.083725   24.125   23.558   317.865   280.484   355.066     1.034    52185.708   cla       L4q05   K04Q29E  
  46.518611   0.022323    4.594    5.689   330.618   221.113   308.387   321.794    40159.245   cla       L4q09   K00P30D  
  45.984694   0.120138    2.088    0.766   113.802    64.512   132.565    87.386    33314.552   cla       L4q11   J99O04M  
  42.640563   0.041033    3.187    2.747   133.062    98.216   187.231   147.545    52710.489   cla       L4q15   J99O04N  
  44.946946    0.06478     2.66    1.848   134.393    82.947    88.145    48.783    25050.858   cla       L4q16   K04Q29F  
  43.951488    0.07395     0.49    1.442   124.923   167.723   278.952   149.967    54396.073   cla       L4v03   K04VD1C  
  46.324366   0.122529    3.646    3.147    36.126     274.2   333.132   359.557    44415.981   cla       L4v14   K04VD1D  
  45.735469   0.035346    1.791    1.532    40.983   248.332    68.139   127.177    46479.072   cla       L5c02   K06C69H  
  42.714559   0.046659    3.084    1.615   103.831     64.97    42.495     5.834    56740.327   cla       L5c03   K05C81E  
  45.440829   0.077212    1.185    2.143   356.748   213.383   236.938   287.704    81874.169   cla       L5c06   K07C79Q  
  43.397612   0.102835    7.869    9.051   318.434    226.12   101.854   111.757    35521.976   cla     L5c07PD   K05XA0U  
  45.325142   0.066507    3.205      4.6   313.356   207.307   187.527   201.404    55270.265   cla     L5c10PD   J99CB9J  
  47.148903   0.218764   21.869   20.584   133.275    37.672   357.313   354.692    52110.897   cla       L5c14   K07C79R  
  44.159105   0.035816     1.54    2.823   330.284   209.089   135.837   169.762    44756.669   cla       L5c18   K07C79S  
  44.980389   0.063039    1.687    0.715    66.511   257.006   266.115   344.718     3531.602   cla     L5c20PD   K02CM4Z  
  44.126005   0.068045    3.296    4.129   342.001   230.439   291.972   316.461    92193.042   cla     L5c21PD   K05ET6E  
  43.990748   0.084744    1.389    1.622    26.525     227.8   216.003   288.348    81423.164   cla       L5c22   K07DA1S  
   44.17195   0.065197    2.698    2.126   139.273    92.739   295.579   254.723    36481.395   cla     L5c24PD   J99CF3U  
  42.777915   0.046152    3.303    1.685    52.045   306.353   164.791    194.19    46847.807   cla       L5i01   K06HC3A  
  46.012882   0.216135    10.46    9.123     61.83   321.763   241.743    247.34    66258.629   cla     L5i02PD   K01K76W  
  43.898185   0.145688   20.726   22.421    245.59   161.233    16.063    14.429    57052.309   cla     L5i03PD   K01K77O  
  44.077094   0.068484    2.139    1.836    31.887   252.604   109.705    162.15    24869.436   cla       L5i05   K05JI5Y  
  44.635916   0.094308    4.141    2.695    63.766   318.153   238.327   254.458    66861.403   cla       L5i08   K05JI6J  
  44.314082   0.067189    7.919    6.269    70.662    337.84   198.865   203.667     60858.99   cla       L5j03   K05L54A  
  43.689694   0.047521    3.006    1.269    96.056    28.042   173.227   156.631    60541.746   cla       L5j04   K05L54B  
  42.027544   0.106671   23.931   25.864   280.095    213.41   309.721   312.918     24235.56   cla     L5s01PD   K04S60B  
  46.198229   0.146393    7.038    8.539   300.707   200.858   337.759   342.504    98884.655   cla     L7a04PD   K02CO8Y  
  43.681525   0.045164    7.981    6.494   116.078    39.941    28.455    19.978    58476.771   cla       L7a05   K05B49V  
  43.499576   0.042456    2.056    0.875     58.11   270.394   188.279   252.718    87660.748   cla       L7a06   K06WK6F  
  44.080188    0.07818    2.103    0.987     58.99   274.785   121.798   179.136    68074.335   cla       L7a07   K05B49W  
  47.045919   0.147499    19.27   20.677   307.259   207.418    55.594    57.827    18502.074   cla     L7a11PD   K00CA5O  
  40.385613   0.038584   21.057   18.656   211.259    15.057    23.279    21.488    27410.864   cla       HL6r1   K07RV4L  
  42.599421   0.027342   18.517   20.034    208.99   139.124    58.999    54.731    33729.986   cla       HL6r5   K06Sf5E  
  43.197883   0.077006   15.712   17.604   269.148   187.441    121.14   122.053     65149.51   cla       HL6r6   K06Sf5F  
  45.547957   0.160926   29.222   27.609   106.633    14.386   342.223   341.377    36258.601   cla       HL7c2   K07F51M  
  46.096206   0.156517   25.029   26.639   264.444   170.215    52.385    51.728    48812.282   cla       HL7p3   K07RW6X  
  43.181427   0.158914   20.094    20.49   341.291   255.545    71.189    76.588      59873.2   cla       mah07   K12UH7N  
  43.548763   0.058274   16.177   17.878   287.738   201.744    56.905    59.361    43990.595   cla       mah12   K12UH7M  
  41.562084   0.035094   16.446   17.878   289.959   231.487   336.026   342.886    22542.167   cla       mah13   K12UH7O  
  40.737407   0.092034   26.365   28.799   218.923    190.23   151.607   152.597    51996.797   cla       mal24   K11Uf2K  
  46.250117   0.147643    2.956    4.503   252.563   165.285   146.427   138.377    58270.138   cla       mal36   K11Uf2A  
   42.43268   0.098398     7.21    5.967    24.163   297.715   315.718   330.944    43456.458   cla       mal37   K11Uf1X  
  45.382779   0.131928   10.729   12.045   231.692   144.412   124.064   118.832    46961.974   cla       mal38   K11Uf2M  
  43.408021   0.070503    3.132    4.045   337.472   228.395    32.829    59.356    50639.411   cla       mal39   K11Uf2C  
  43.048298   0.070517    7.737    7.139    14.293   280.698   329.394   343.715    43929.543   cla       mal40   J99RL5U  
  44.061145    0.06395    2.122    2.481     8.325   236.943    34.887    79.521    58648.018   cla       mal42   K01RE3Z  
  43.362997    0.06684    4.419    3.908    20.174   272.856   323.075   348.214    43238.873   cla       mal43   K11Uf1V  
  42.603289   0.116416   15.118   13.951    21.517   300.968    94.399   101.214    75304.677   cla       mal44   K11Uf2H  
  43.839053   0.165471    4.529     4.17    18.484   269.505    94.657   118.172     74173.18   cla       mal46   K11Uf1W  
     46.451    0.15503    2.496      4.0   303.964   197.056    24.904    35.887     40158.17   cla       mal48   K11Uf2G  
   43.02836   0.083076   10.371   12.221   239.455   163.313    60.139    57.033    32305.258   cla       mal49   K11Uf2L  
  42.030971   0.029441   29.757   27.907    27.031   320.535   147.942   150.955    94556.742   cla       mal50   K11Uf2J  
  44.217924    0.06418    1.907    3.427   309.431   201.799   154.113   174.177    75286.666   cla       mal51   K11Uf1Y  
  43.940956   0.030894    1.694    2.447     357.0   223.805    98.659   145.759    73617.814   cla       mal52   K11Uf1U  
   45.41369   0.052319    5.496    5.858   358.348   249.365   100.405   116.948    75027.845   cla       mal53   K11Uf2D  
  43.495764   0.055618   15.311   14.738    14.512   284.669   245.796   252.608    19787.907   cla       mal54   K11Uf2B  
  45.535456    0.05315    1.214    2.687   315.356   197.745   352.167    16.842    31494.864   cla       mal55   K11Uf1Z  
  45.069927   0.011888    2.146    3.577   313.968   204.021   277.782   296.494     6484.545   cla       mal56   K11Uf2F  
  47.879267   0.160826    2.606    3.332     5.095   229.795    116.38   144.107    79920.003   cla       mal58   K11Uf2S  
  43.495625   0.111878   22.799   24.142   218.117   137.806      5.58     2.363     7508.573   cla       mal59   K11Uf2E  
